001 001 000 H 0.0
002 001 001 H 1112.2831
003 002 001 He 2572.68044
004 002 002 He 7073.9156
006 003 003 Li 5332.3312
007 003 004 Li 5606.4401
009 004 005 Be 6462.6693
010 004 006 Be 6497.6306
010 005 005 B 6475.0835
011 005 006 B 6927.7323
012 006 006 C 7680.1446
013 006 007 C 7469.8495
014 007 007 N 7475.6148
015 007 008 N 7699.4603
016 008 008 O 7976.2072
017 008 009 O 7750.7291
018 008 010 O 7767.0981
019 009 010 F 7779.0192
020 010 010 Ne 8032.2412
021 010 011 Ne 7971.7136
022 010 012 Ne 8080.4656
023 011 012 Na 8111.4936
024 012 012 Mg 8260.7103
025 012 013 Mg 8223.5028
026 012 014 Mg 8333.8711
027 013 014 Al 8331.5533
028 014 014 Si 8447.7445
029 014 015 Si 8448.6361
030 014 016 Si 8520.6549
031 015 016 P 8481.1677
032 016 016 S 8493.1301
033 016 017 S 8497.6304
034 016 018 S 8583.4986
035 017 018 Cl 8520.2790
036 016 020 S 8575.3900
036 018 018 Ar 8519.9096
037 017 020 Cl 8570.2816
038 018 020 Ar 8614.2807
039 019 020 K 8557.0258
040 018 022 Ar 8595.2594
040 019 021 K 8538.0907
040 020 020 Ca 8551.3046
041 019 022 K 8576.0731
042 020 022 Ca 8616.5646
043 020 023 Ca 8600.6653
044 020 024 Ca 8658.1769
045 021 024 Sc 8618.9410
046 020 026 Ca 8668.9848
046 022 024 Ti 8656.4623
047 022 025 Ti 8661.2325
048 020 028 Ca 8666.6916
048 022 026 Ti 8723.0122
049 022 027 Ti 8711.1625
050 022 028 Ti 8755.7227
050 023 027 V 8695.9032
050 024 026 Cr 8701.0188
051 023 028 V 8742.0852
052 024 028 Cr 8775.9946
053 024 029 Cr 8760.2103
053 025 028 M 8734.1798
054 024 030 Cr 8777.9672
054 026 028 Fe 8736.3846
055 025 030 M 8765.0247
056 026 030 Fe 8790.3563
057 026 031 Fe 8770.2829
058 026 032 Fe 8792.2534
058 028 030 Ni 8732.0621
059 027 032 Co 8768.0379
060 026 034 Fe 8755.8539
060 028 032 Ni 8780.7769
061 028 033 Ni 8765.0281
062 028 034 Ni 8794.5555
063 029 034 Cu 8752.1404
064 028 036 Ni 8777.4637
064 030 034 Z 8735.9057
065 029 036 Cu 8757.0967
066 030 036 Z 8759.6335
067 030 037 Z 8734.1534
068 030 038 Z 8755.6820
069 031 038 Ga 8724.5798
070 030 040 Z 8729.8086
070 032 038 Ge 8721.7028
071 031 040 Ga 8717.6050
072 032 040 Ge 8731.7459
073 032 041 Ge 8705.0500
074 032 042 Ge 8725.2011
074 034 040 Se 8687.7155
075 033 042 As 8700.8748
076 032 044 Ge 8705.2364
076 034 042 Se 8711.4781
077 034 043 Se 8694.6908
078 034 044 Se 8717.8072
078 036 042 Kr 8661.2385
079 035 044 Br 8687.5956
080 034 046 Se 8710.8142
080 036 044 Kr 8692.9301
081 035 046 Br 8695.9465
082 034 048 Se 8693.1973
082 036 046 Kr 8710.6754
083 036 047 Kr 8695.7295
084 036 048 Kr 8717.4473
084 038 046 Sr 8677.5132
085 037 048 Rb 8697.4416
086 036 050 Kr 8712.0295
086 038 048 Sr 8708.4566
087 037 050 Rb 8710.9843
087 038 049 Sr 8705.2363
088 038 050 Sr 8732.5958
089 039 050 Y 8714.0110
090 040 050 Zr 8709.9699
091 040 051 Zr 8693.3149
092 040 052 Zr 8692.6783
092 041 051 Nb 8662.3731
092 042 050 Mo 8657.7312
093 040 053 Zr 8671.6207
093 041 052 Nb 8664.1849
094 040 054 Zr 8666.8016
094 042 052 Mo 8662.3341
095 042 053 Mo 8648.7212
096 040 056 Zr 8635.3283
096 042 054 Mo 8653.9880
096 044 052 Ru 8609.4130
097 042 055 Mo 8635.0926
097 043 054 Tc 8623.7254
098 042 056 Mo 8635.1691
098 043 055 Tc 8610.0047
098 044 054 Ru 8620.3140
099 044 055 Ru 8608.7132
100 042 058 Mo 8604.6626
100 044 056 Ru 8619.3593
101 044 057 Ru 8601.3660
102 044 058 Ru 8607.4275
102 046 056 Pd 8580.2887
103 045 058 Rh 8584.1927
104 044 060 Ru 8587.3998
104 046 058 Pd 8584.8485
105 046 059 Pd 8570.6509
106 046 060 Pd 8579.9934
106 048 058 Cd 8539.0492
107 046 061 Pd 8560.8946
107 047 060 Ag 8553.9012
108 046 062 Pd 8567.0241
108 048 060 Cd 8550.0196
109 047 062 Ag 8547.9155
110 046 064 Pd 8547.1630
110 048 062 Cd 8551.2755
111 048 063 Cd 8537.0801
112 048 064 Cd 8544.7306
112 050 062 S 8513.6189
113 048 065 Cd 8526.9874
113 049 064 I 8522.9297
114 048 066 Cd 8531.5135
114 050 064 S 8522.5671
115 049 066 I 8516.5472
115 050 065 S 8514.0702
116 048 068 Cd 8512.3511
116 050 066 S 8523.1166
117 050 067 S 8509.6120
118 050 068 S 8516.5341
119 050 069 S 8499.4494
120 050 070 S 8504.4880
120 052 068 Te 8476.9857
121 051 070 Sb 8482.0574
122 050 072 S 8487.8968
122 052 070 Te 8478.1315
123 051 072 Sb 8472.3196
123 052 071 Te 8465.5370
124 050 074 S 8467.3997
124 052 072 Te 8473.2705
124 054 070 Xe 8437.6138
125 052 073 Te 8458.0361
126 052 074 Te 8463.2397
126 054 072 Xe 8443.5375
127 053 074 I 8445.4820
128 052 076 Te 8448.7536
128 054 074 Xe 8443.3008
129 053 076 I 8435.9908
129 054 075 Xe 8431.3904
130 052 078 Te 8430.3251
130 054 076 Xe 8437.7314
130 056 074 Ba 8405.5130
131 054 077 Xe 8423.7367
132 054 078 Xe 8427.6229
132 056 076 Ba 8409.3747
133 055 078 Cs 8409.9786
134 054 080 Xe 8413.6994
134 056 078 Ba 8408.1731
135 055 080 Cs 8401.3393
135 056 079 Ba 8397.5345
136 054 082 Xe 8396.1889
136 056 080 Ba 8402.7566
136 058 078 Ce 8373.7624
137 056 081 Ba 8391.8288
138 056 082 Ba 8393.4222
138 057 081 La 8375.0835
138 058 080 Ce 8377.0408
139 057 082 La 8377.9987
140 058 082 Ce 8376.3045
141 059 082 Pr 8353.9852
142 058 084 Ce 8347.0700
142 060 082 Nd 8346.0310
143 060 083 Nd 8330.4893
144 060 084 Nd 8326.9237
144 062 082 Sm 8303.6800
145 060 085 Nd 8309.1883
146 060 086 Nd 8304.0927
146 062 084 Sm 8293.8581
147 062 085 Sm 8280.5734
148 060 088 Nd 8277.1778
148 062 086 Sm 8279.6326
149 062 087 Sm 8263.4683
150 060 090 Nd 8249.5789
150 062 088 Sm 8261.6235
150 064 086 Gd 8242.6103
151 063 088 Eu 8239.2998
152 062 090 Sm 8244.0645
152 064 088 Gd 8233.4042
153 063 090 Eu 8228.7011
154 062 092 Sm 8226.8379
154 064 090 Gd 8224.7996
154 066 088 Dy 8193.1305
155 064 091 Gd 8213.2541
156 064 092 Gd 8215.3253
156 066 090 Dy 8192.4366
157 064 093 Gd 8203.5072
158 064 094 Gd 8201.8229
158 066 092 Dy 8190.1298
159 065 094 Tb 8188.8025
160 064 096 Gd 8183.0171
160 066 094 Dy 8184.0526
161 066 095 Dy 8173.3093
162 066 096 Dy 8173.4555
162 068 094 Er 8152.3959
163 066 097 Dy 8161.7840
164 066 098 Dy 8158.7129
164 068 096 Er 8149.0191
165 067 098 Ho 8146.9591
166 068 098 Er 8141.9479
167 068 099 Er 8131.7352
168 068 100 Er 8129.5897
168 070 098 Yb 8111.8870
169 069 100 Tm 8114.4702
170 068 102 Er 8111.9529
170 070 100 Yb 8106.6101
171 070 101 Yb 8097.8826
172 070 102 Yb 8097.4295
173 070 103 Yb 8087.4276
174 070 104 Yb 8083.8481
174 072 102 Hf 8068.5341
175 071 104 Lu 8069.1412
176 070 106 Yb 8064.0853
176 071 105 Lu 8059.0209
176 072 104 Hf 8061.3604
177 072 105 Hf 8051.8365
178 072 106 Hf 8049.4438
179 072 107 Hf 8038.5474
180 072 108 Hf 8034.9319
180 073 107 Ta 8025.8864
180 074 106 W 8025.4434
181 073 108 Ta 8023.4050
182 072 110 Hf 8014.8381
182 074 108 W 8018.3096
183 074 109 W 8008.3234
184 074 110 W 8005.0777
185 075 110 Re 7991.0101
186 074 112 W 7988.6026
186 076 110 Os 7982.8324
187 075 112 Re 7977.9519
187 076 111 Os 7973.7814
188 076 112 Os 7973.8656
189 076 113 Os 7963.0029
190 076 114 Os 7962.1047
190 078 112 Pt 7946.4941
191 077 114 Ir 7948.1144
192 076 116 Os 7948.5260
192 078 114 Pt 7942.4923
193 077 116 Ir 7938.1346
194 078 116 Pt 7935.9420
195 078 117 Pt 7926.5530
196 078 118 Pt 7926.5297
196 080 116 Hg 7914.3700
197 079 118 Au 7915.6548
198 078 120 Pt 7914.1512
198 080 118 Hg 7911.5532
199 080 119 Hg 7905.2794
200 080 120 Hg 7905.8956
201 080 121 Hg 7897.5607
202 080 122 Hg 7896.8505
203 081 122 Tl 7886.0530
204 080 124 Hg 7885.5455
204 082 122 Pb 7879.9326
205 081 124 Tl 7878.3946
205 082 123 Pb 7874.3313
206 082 124 Pb 7875.3620
207 082 125 Pb 7869.8664
208 082 126 Pb 7867.4530
209 083 126 Bi 7847.9869
232 090 142 Th 7615.0338
235 092 143 U 7590.9151
236 092 144 U 7586.4854
237 093 144 N 7574.9895
238 092 146 U 7570.1262
244 094 150 Pu 7524.8154
247 096 151 Cm 7501.9318
# stable nuclide data (a subset of 'data2020.dat')
# stable nuclide data (a subset of 'data2020.dat')
