# stable nuclide data (a subset of 'data.dat')
# stable nuclide data (a subset of 'data.dat')
001 001 000 H 0.0
002 001 001 H 1112.283
003 002 001 He 2572.680
004 002 002 He 7073.915
006 003 003 Li 5332.331
007 003 004 Li 5606.439
009 004 005 Be 6462.668
010 004 006 Be 6497.630
010 005 005 B 6475.083
011 005 006 B 6927.732
012 006 006 C 7680.144
013 006 007 C 7469.849
014 007 007 N 7475.614
015 007 008 N 7699.460
016 008 008 O 7976.206
017 008 009 O 7750.728
018 008 010 O 7767.097
019 009 010 F 7779.018
020 010 010 Ne 8032.240
021 010 011 Ne 7971.713
022 010 012 Ne 8080.465
023 011 012 Na 8111.493
024 012 012 Mg 8260.709
025 012 013 Mg 8223.502
026 012 014 Mg 8333.870
027 013 014 Al 8331.553
028 014 014 Si 8447.744
029 014 015 Si 8448.635
030 014 016 Si 8520.654
031 015 016 P 8481.167
032 016 016 S 8493.129
033 016 017 S 8497.630
034 016 018 S 8583.498
035 017 018 Cl 8520.278
036 016 020 S 8575.389
036 018 018 Ar 8519.909
037 017 020 Cl 8570.281
038 018 020 Ar 8614.280
039 019 020 K 8557.025
040 018 022 Ar 8595.259
040 019 021 K 8538.090
040 020 020 Ca 8551.303
041 019 022 K 8576.072
042 020 022 Ca 8616.563
043 020 023 Ca 8600.663
044 020 024 Ca 8658.175
045 021 024 Sc 8618.931
046 020 026 Ca 8668.979
046 022 024 Ti 8656.451
047 022 025 Ti 8661.227
048 020 028 Ca 8666.686
048 022 026 Ti 8723.006
049 022 027 Ti 8711.157
050 022 028 Ti 8755.718
050 023 027 V 8695.918
050 024 026 Cr 8701.032
051 023 028 V 8742.099
052 024 028 Cr 8775.989
053 024 029 Cr 8760.198
053 025 028 M 8734.175
054 024 030 Cr 8777.955
054 026 028 Fe 8736.382
055 025 030 M 8765.022
056 026 030 Fe 8790.354
057 026 031 Fe 8770.279
058 026 032 Fe 8792.250
058 028 030 Ni 8732.059
059 027 032 Co 8768.035
060 026 034 Fe 8755.851
060 028 032 Ni 8780.774
061 028 033 Ni 8765.025
062 028 034 Ni 8794.553
063 029 034 Cu 8752.138
064 028 036 Ni 8777.461
064 030 034 Z 8735.905
065 029 036 Cu 8757.096
066 030 036 Z 8759.632
067 030 037 Z 8734.152
068 030 038 Z 8755.680
069 031 038 Ga 8724.579
070 030 040 Z 8729.808
070 032 038 Ge 8721.700
071 031 040 Ga 8717.604
072 032 040 Ge 8731.745
073 032 041 Ge 8705.049
074 032 042 Ge 8725.200
074 034 040 Se 8687.715
075 033 042 As 8700.874
076 032 044 Ge 8705.236
076 034 042 Se 8711.477
077 034 043 Se 8694.690
078 034 044 Se 8717.806
078 036 042 Kr 8661.238
079 035 044 Br 8687.594
080 034 046 Se 8710.813
080 036 044 Kr 8692.928
081 035 046 Br 8695.946
082 034 048 Se 8693.196
082 036 046 Kr 8710.675
083 036 047 Kr 8695.729
084 036 048 Kr 8717.446
084 038 046 Sr 8677.512
085 037 048 Rb 8697.441
086 036 050 Kr 8712.029
086 038 048 Sr 8708.456
087 037 050 Rb 8710.983
087 038 049 Sr 8705.236
088 038 050 Sr 8732.595
089 039 050 Y 8713.978
090 040 050 Zr 8709.969
091 040 051 Zr 8693.314
092 040 052 Zr 8692.678
092 041 051 Nb 8662.372
092 042 050 Mo 8657.730
093 040 053 Zr 8671.620
093 041 052 Nb 8664.184
094 040 054 Zr 8666.801
094 042 052 Mo 8662.333
095 042 053 Mo 8648.720
096 040 056 Zr 8635.327
096 042 054 Mo 8653.987
096 044 052 Ru 8609.412
097 042 055 Mo 8635.092
097 043 054 Tc 8623.725
098 042 056 Mo 8635.168
098 043 055 Tc 8610.004
098 044 054 Ru 8620.313
099 044 055 Ru 8608.712
100 042 058 Mo 8604.662
100 044 056 Ru 8619.359
101 044 057 Ru 8601.365
102 044 058 Ru 8607.427
102 046 056 Pd 8580.290
103 045 058 Rh 8584.192
104 044 060 Ru 8587.399
104 046 058 Pd 8584.848
105 046 059 Pd 8570.650
106 046 060 Pd 8579.992
106 048 058 Cd 8539.048
107 046 061 Pd 8560.894
107 047 060 Ag 8553.900
108 046 062 Pd 8567.023
108 048 060 Cd 8550.019
109 047 062 Ag 8547.915
110 046 064 Pd 8547.162
110 048 062 Cd 8551.275
111 048 063 Cd 8537.079
112 048 064 Cd 8544.730
112 050 062 S 8513.618
113 048 065 Cd 8526.987
113 049 064 I 8522.929
114 048 066 Cd 8531.513
114 050 064 S 8522.566
115 049 066 I 8516.546
115 050 065 S 8514.069
116 048 068 Cd 8512.350
116 050 066 S 8523.116
117 050 067 S 8509.611
118 050 068 S 8516.533
119 050 069 S 8499.449
120 050 070 S 8504.492
120 052 068 Te 8477.034
121 051 070 Sb 8482.066
122 050 072 S 8487.907
122 052 070 Te 8478.140
123 051 072 Sb 8472.328
123 052 071 Te 8465.546
124 050 074 S 8467.421
124 052 072 Te 8473.279
124 054 070 Xe 8437.565
125 052 073 Te 8458.045
126 052 074 Te 8463.248
126 054 072 Xe 8443.541
127 053 074 I 8445.487
128 052 076 Te 8448.752
128 054 074 Xe 8443.298
129 053 076 I 8435.990
129 054 075 Xe 8431.390
130 052 078 Te 8430.324
130 054 076 Xe 8437.731
130 056 074 Ba 8405.549
131 054 077 Xe 8423.736
132 054 078 Xe 8427.622
132 056 076 Ba 8409.375
133 055 078 Cs 8409.978
134 054 080 Xe 8413.699
134 056 078 Ba 8408.171
135 055 080 Cs 8401.336
135 056 079 Ba 8397.533
136 054 082 Xe 8396.188
136 056 080 Ba 8402.755
136 058 078 Ce 8373.760
137 056 081 Ba 8391.827
138 056 082 Ba 8393.420
138 057 081 La 8375.125
138 058 080 Ce 8377.077
139 057 082 La 8378.025
140 058 082 Ce 8376.317
141 059 082 Pr 8353.992
142 058 084 Ce 8347.071
142 060 082 Nd 8346.030
143 060 083 Nd 8330.488
144 060 084 Nd 8326.922
144 062 082 Sm 8303.679
145 060 085 Nd 8309.187
146 060 086 Nd 8304.092
146 062 084 Sm 8293.857
147 062 085 Sm 8280.575
148 060 088 Nd 8277.177
148 062 086 Sm 8279.633
149 062 087 Sm 8263.466
150 060 090 Nd 8249.577
150 062 088 Sm 8261.621
150 064 086 Gd 8242.609
151 063 088 Eu 8239.297
152 062 090 Sm 8244.061
152 064 088 Gd 8233.401
153 063 090 Eu 8228.699
154 062 092 Sm 8226.835
154 064 090 Gd 8224.796
154 066 088 Dy 8193.129
155 064 091 Gd 8213.251
156 064 092 Gd 8215.322
156 066 090 Dy 8192.433
157 064 093 Gd 8203.504
158 064 094 Gd 8201.819
158 066 092 Dy 8190.130
159 065 094 Tb 8188.800
160 064 096 Gd 8183.014
160 066 094 Dy 8184.054
161 066 095 Dy 8173.310
162 066 096 Dy 8173.457
162 068 094 Er 8152.397
163 066 097 Dy 8161.785
164 066 098 Dy 8158.714
164 068 096 Er 8149.020
165 067 098 Ho 8146.964
166 068 098 Er 8141.959
167 068 099 Er 8131.746
168 068 100 Er 8129.601
168 070 098 Yb 8111.898
169 069 100 Tm 8114.473
170 068 102 Er 8111.959
170 070 100 Yb 8106.609
171 070 101 Yb 8097.882
172 070 102 Yb 8097.429
173 070 103 Yb 8087.427
174 070 104 Yb 8083.847
174 072 102 Hf 8068.533
175 071 104 Lu 8069.140
176 070 106 Yb 8064.085
176 071 105 Lu 8059.020
176 072 104 Hf 8061.359
177 072 105 Hf 8051.835
178 072 106 Hf 8049.442
179 072 107 Hf 8038.546
180 072 108 Hf 8034.930
180 073 107 Ta 8025.881
180 074 106 W 8025.442
181 073 108 Ta 8023.400
182 072 110 Hf 8014.837
182 074 108 W 8018.308
183 074 109 W 8008.322
184 074 110 W 8005.077
184 076 108 Os 7988.677
185 075 110 Re 7991.009
186 074 112 W 7988.601
186 076 110 Os 7982.831
187 075 112 Re 7977.951
187 076 111 Os 7973.780
188 076 112 Os 7973.864
189 076 113 Os 7963.002
190 076 114 Os 7962.104
190 078 112 Pt 7946.493
191 077 114 Ir 7948.113
192 076 116 Os 7948.525
192 078 114 Pt 7942.491
193 077 116 Ir 7938.133
194 078 116 Pt 7935.941
195 078 117 Pt 7926.552
196 078 118 Pt 7926.529
196 080 116 Hg 7914.369
197 079 118 Au 7915.654
198 078 120 Pt 7914.150
198 080 118 Hg 7911.552
199 080 119 Hg 7905.279
200 080 120 Hg 7905.895
201 080 121 Hg 7897.560
202 080 122 Hg 7896.850
203 081 122 Tl 7886.053
204 080 124 Hg 7885.545
204 082 122 Pb 7879.932
205 081 124 Tl 7878.394
205 082 123 Pb 7874.331
206 082 124 Pb 7875.362
207 082 125 Pb 7869.866
208 082 126 Pb 7867.453
209 083 126 Bi 7847.987
232 090 142 Th 7615.033
235 092 143 U 7590.914
236 092 144 U 7586.484
237 093 144 N 7574.989
238 092 146 U 7570.125
244 094 150 Pu 7524.815
247 096 151 Cm 7501.931
