001 000 001 8071.31806 0.0
001 001 000 H 0.0
002 001 001 H 1112.2831
003 001 002 H 2827.2654
003 002 001 He 2572.68044
004 001 003 H 1720.4491
004 002 002 He 7073.9156
004 003 001 Li 1153.7603
005 001 004 H 1336.3592
005 002 003 He 5512.1325
005 003 002 Li 5266.1325
006 001 005 H 961.6395
006 002 004 He 4878.5199
006 003 003 Li 5332.3312
006 004 002 Be 4487.2478
007 002 005 He 4123.0578
007 003 004 Li 5606.4401
007 004 003 Be 5371.5487
007 005 002 B 3558.7055
008 002 006 He 3924.5210
008 003 005 Li 5159.7124
008 004 004 Be 7062.4356
008 005 003 B 4717.1551
008 006 002 C 3101.5242
009 002 007 He 3349.0380
009 003 006 Li 5037.7685
009 004 005 Be 6462.6693
009 005 004 B 6257.0713
009 006 003 C 4337.4233
010 002 008 He 2995.1340
010 003 007 Li 4531.3512
010 004 006 Be 6497.6306
010 005 005 B 6475.0835
010 006 004 C 6032.0426
010 007 003 N 3643.6724
011 003 008 Li 4155.3817
011 004 007 Be 5952.5402
011 005 006 B 6927.7323
011 006 005 C 6676.4563
011 007 004 N 5358.4023
011 008 003 O 3162.4372
012 003 009 Li 3791.5999
012 004 008 Be 5720.7223
012 005 007 B 6631.2237
012 006 006 C 7680.1446
012 007 005 N 6170.1100
012 008 004 O 4881.9755
013 003 010 Li 3507.6307
013 004 009 Be 5241.4359
013 005 008 B 6496.4194
013 006 007 C 7469.8495
013 007 006 N 7238.8634
013 008 005 O 5811.7636
014 004 010 Be 4993.8973
014 005 009 B 6101.6451
014 006 008 C 7520.3198
014 007 007 N 7475.6148
014 008 006 O 7052.2783
014 009 005 F 5285.2091
015 004 011 Be 4540.9708
015 005 010 B 5880.0438
015 006 009 C 7100.1696
015 007 008 N 7699.4603
015 008 007 O 7463.6915
015 009 006 F 6497.4597
015 010 005 Ne 4868.7285
016 004 012 Be 4285.2851
016 005 011 B 5507.3535
016 006 010 C 6922.0546
016 007 009 N 7373.7971
016 008 008 O 7976.2072
016 009 007 F 6964.0490
016 010 006 Ne 6083.1777
017 005 012 B 5269.6677
017 006 011 C 6558.0262
017 007 010 N 7286.2294
017 008 009 O 7750.7291
017 009 008 F 7542.3284
017 010 007 Ne 6640.4991
017 011 006 Na 5522.7653
018 005 013 B 4976.6306
018 006 012 C 6426.1321
018 007 011 N 7038.5627
018 008 010 O 7767.0981
018 009 009 F 7631.6383
018 010 008 Ne 7341.2577
018 011 007 Na 6202.2176
019 005 014 B 4719.6346
019 006 013 C 6118.2740
019 007 012 N 6948.5452
019 008 011 O 7566.4952
019 009 010 F 7779.0192
019 010 009 Ne 7567.3431
019 011 008 Na 6937.8864
019 012 007 Mg 5901.4992
020 005 015 B 4405.6529
020 006 014 C 5961.4356
020 007 013 N 6709.1717
020 008 012 O 7568.5707
020 009 011 F 7720.1351
020 010 010 Ne 8032.2412
020 011 009 Na 7298.5028
020 012 008 Mg 6728.0252
021 005 016 B 4152.5265
021 007 014 N 6609.0159
021 008 013 O 7389.3747
021 009 012 F 7738.2934
021 010 011 Ne 7971.7136
021 011 010 Na 7765.5581
021 012 009 Mg 7105.0317
022 006 016 C 5421.0778
022 007 015 N 6378.5347
022 008 014 O 7364.8722
022 009 013 F 7624.2954
022 010 012 Ne 8080.4656
022 011 011 Na 7915.6624
022 012 010 Mg 7662.7645
023 007 016 N 6236.6721
023 008 015 O 7163.4856
023 009 014 F 7622.3447
023 010 013 Ne 7955.2561
023 011 012 Na 8111.4936
023 012 011 Mg 7901.1229
023 013 010 Al 7335.7275
024 008 016 O 7039.6855
024 009 015 F 7463.5831
024 010 014 Ne 7993.3252
024 011 013 Na 8063.4882
024 012 012 Mg 8260.7103
024 013 011 Al 7649.5806
024 014 010 Si 7167.2329
025 008 017 O 6727.8058
025 009 016 F 7336.3065
025 010 015 Ne 7839.7994
025 011 014 Na 8101.3979
025 012 013 Mg 8223.5028
025 013 012 Al 8021.1366
025 014 011 Si 7480.1109
026 008 018 O 6497.4790
026 009 017 F 7082.2497
026 010 016 Ne 7751.9110
026 011 015 Na 8004.2013
026 012 014 Mg 8333.8711
026 013 013 Al 8149.7653
026 014 012 Si 7924.7083
027 009 018 F 6879.6662
027 010 017 Ne 7520.4151
027 011 016 Na 7956.9467
027 012 015 Mg 8263.8525
027 013 014 Al 8331.5533
027 014 013 Si 8124.3420
027 015 012 P 7661.0894
028 009 019 F 6626.8567
028 010 018 Ne 7388.3463
028 011 017 Na 7799.2644
028 012 016 Mg 8272.4531
028 013 015 Al 8309.8969
028 014 014 Si 8447.7445
028 015 013 P 7907.4842
028 016 012 S 7478.7911
029 009 020 F 6444.0314
029 010 019 Ne 7167.0673
029 011 018 Na 7682.1522
029 012 017 Mg 8113.5317
029 013 016 Al 8348.4647
029 014 015 Si 8448.6361
029 015 014 P 8251.2368
029 016 013 S 7746.3826
030 010 020 Ne 7034.5317
030 011 019 Na 7501.9685
030 012 018 Mg 8054.4250
030 013 017 Al 8261.1049
030 014 016 Si 8520.6549
030 015 015 P 8353.5064
030 016 014 S 8122.7081
030 017 013 Cl 7472.1698
031 010 021 Ne 6813.0902
031 011 020 Na 7398.6778
031 012 019 Mg 7869.1886
031 013 018 Al 8225.5180
031 014 017 Si 8458.2916
031 015 016 P 8481.1677
031 016 015 S 8281.8013
031 017 014 Cl 7869.2101
032 011 021 Na 7219.8815
032 012 020 Mg 7803.8411
032 013 019 Al 8100.3449
032 014 018 Si 8481.4690
032 015 017 P 8464.1203
032 016 016 S 8493.1301
032 017 015 Cl 8072.4058
032 018 014 Ar 7700.0089
033 011 022 Na 7089.9262
033 012 021 Mg 7636.4382
033 013 020 Al 8020.6172
033 014 019 Si 8361.0596
033 015 018 P 8513.8073
033 016 017 S 8497.6304
033 017 016 Cl 8304.7557
033 018 015 Ar 7928.9559
034 011 023 Na 6886.4377
034 012 022 Mg 7550.3919
034 013 021 Al 7860.3506
034 014 020 Si 8337.1659
034 015 019 P 8448.1856
034 016 018 S 8583.4986
034 017 017 Cl 8398.9706
034 018 016 Ar 8197.6724
035 012 023 Mg 7356.2338
035 013 022 Al 7787.1243
035 014 021 Si 8169.5644
035 015 020 P 8446.2496
035 016 019 S 8537.8511
035 017 018 Cl 8520.2790
035 018 017 Ar 8327.4621
035 019 016 K 7965.8409
036 012 024 Mg 7244.4202
036 013 023 Al 7623.5154
036 014 022 Si 8112.5199
036 015 021 P 8307.8692
036 016 020 S 8575.3900
036 017 019 Cl 8521.9322
036 018 018 Ar 8519.9096
036 019 017 K 8142.2233
036 020 016 Ca 7815.8799
037 012 025 Mg 7055.1115
037 013 024 Al 7531.3160
037 014 023 Si 7952.9033
037 015 022 P 8267.5561
037 016 021 S 8459.9363
037 017 020 Cl 8570.2816
037 018 019 Ar 8527.1406
037 019 018 K 8339.8480
037 020 017 Ca 8003.4567
038 014 024 Si 7892.8297
038 015 023 P 8147.2749
038 016 022 S 8448.7829
038 017 021 Cl 8505.4817
038 018 020 Ar 8614.2807
038 019 019 K 8438.0593
038 020 018 Ca 8240.0434
039 014 025 Si 7730.9793
039 015 024 P 8097.9701
039 016 023 S 8344.2698
039 017 022 Cl 8494.4032
039 018 021 Ar 8562.5988
039 019 020 K 8557.0258
039 020 019 Ca 8369.6711
039 021 018 Sc 8013.4575
040 014 026 Si 7655.8247
040 015 025 P 7981.4177
040 016 024 S 8329.3255
040 017 023 Cl 8427.7660
040 018 022 Ar 8595.2594
040 019 021 K 8538.0907
040 020 020 Ca 8551.3046
040 021 019 Sc 8173.6697
040 022 018 Ti 7865.8632
041 015 026 P 7906.5513
041 016 025 S 8229.6358
041 017 024 Cl 8412.9593
041 018 023 Ar 8534.3733
041 019 022 K 8576.0731
041 020 021 Ca 8546.7075
041 021 020 Sc 8369.1979
041 022 019 Ti 8034.3889
042 015 027 P 7765.9122
042 016 026 S 8193.2275
042 017 025 Cl 8345.8864
042 018 024 Ar 8555.6141
042 019 023 K 8551.2571
042 020 022 Ca 8616.5646
042 021 021 Sc 8444.9303
042 022 020 Ti 8259.2400
043 016 027 S 8063.8276
043 017 026 Cl 8323.8672
043 018 025 Ar 8488.2382
043 019 024 K 8576.2204
043 020 023 Ca 8600.6653
043 021 022 Sc 8530.8265
043 022 021 Ti 8352.8054
043 023 020 V 8069.5129
044 016 028 S 7996.0154
044 017 027 Cl 8234.4788
044 018 026 Ar 8493.8411
044 019 025 K 8546.7023
044 020 024 Ca 8658.1769
044 021 023 Sc 8557.3805
044 022 022 Ti 8533.5215
044 023 021 V 8203.4567
044 024 020 Cr 7949.6265
045 017 028 Cl 8181.5991
045 018 027 Ar 8419.9526
045 019 026 K 8554.6747
045 020 025 Ca 8630.5467
045 021 024 Sc 8618.9410
045 022 023 Ti 8555.7321
045 023 022 V 8380.0394
045 024 021 Cr 8087.7286
046 017 029 Cl 8080.7757
046 018 028 Ar 8412.3835
046 019 027 K 8518.0428
046 020 026 Ca 8668.9848
046 021 025 Sc 8622.0215
046 022 024 Ti 8656.4623
046 023 023 V 8486.1423
046 024 022 Cr 8303.8233
046 025 021 M 7916.0805
047 018 029 Ar 8311.4250
047 019 028 K 8514.8795
047 020 027 Ca 8639.3548
047 021 026 Sc 8665.0958
047 022 025 Ti 8661.2325
047 023 024 V 8582.2348
047 024 023 Cr 8407.2067
047 025 022 M 8135.3117
048 018 030 Ar 8243.6656
048 019 029 K 8434.2324
048 020 028 Ca 8666.6916
048 021 027 Sc 8656.2097
048 022 026 Ti 8723.0122
048 023 025 V 8623.0686
048 024 024 Cr 8572.2553
048 025 023 M 8274.1924
048 026 022 Fe 8022.7254
049 019 030 K 8372.2753
049 020 029 Ca 8594.8500
049 021 028 Sc 8686.2805
049 022 027 Ti 8711.1625
049 023 026 V 8682.9135
049 024 025 Cr 8613.2777
049 025 024 M 8439.9150
049 026 023 Fe 8161.3121
050 019 031 K 8288.5833
050 020 030 Ca 8550.1639
050 021 029 Sc 8633.4747
050 022 028 Ti 8755.7227
050 023 027 V 8695.9032
050 024 026 Cr 8701.0188
050 025 025 M 8532.6823
050 026 024 Fe 8354.0268
050 027 023 Co 8000.6387
051 019 032 K 8221.3350
051 020 031 Ca 8476.9135
051 021 030 Sc 8597.2213
051 022 029 Ti 8708.9912
051 023 028 V 8742.0852
051 024 027 Cr 8711.9923
051 025 026 M 8633.7602
051 026 025 Fe 8460.4977
051 027 024 Co 8193.2549
052 019 033 K 8115.0303
052 020 032 Ca 8429.3821
052 021 031 Sc 8534.6695
052 022 030 Ti 8691.8193
052 023 029 V 8714.5690
052 024 028 Cr 8775.9946
052 025 027 M 8670.4087
052 026 026 Fe 8609.6079
052 027 025 Co 8325.5606
052 028 024 Ni 8083.8977
053 019 034 K 8022.8488
053 020 033 Ca 8330.5778
053 021 032 Sc 8492.8325
053 022 031 Ti 8631.1256
053 023 030 V 8710.1425
053 024 029 Cr 8760.2103
053 025 028 M 8734.1798
053 026 027 Fe 8648.7985
053 027 026 Co 8477.6578
053 028 025 Ni 8217.0749
054 020 034 Ca 8247.4967
054 021 033 Sc 8404.8115
054 022 032 Ti 8599.6917
054 023 031 V 8662.1382
054 024 030 Cr 8777.9672
054 025 029 M 8737.9768
054 026 028 Fe 8736.3846
054 027 027 Co 8569.2199
054 028 026 Ni 8393.0328
055 020 035 Ca 8125.9260
055 021 034 Sc 8333.3694
055 022 033 Ti 8518.9696
055 023 032 V 8637.3391
055 024 031 Cr 8731.9362
055 025 030 M 8765.0247
055 026 029 Fe 8746.5981
055 027 028 Co 8669.6204
055 028 027 Ni 8497.3225
055 029 026 Cu 8233.9970
056 020 036 Ca 8033.1654
056 021 035 Sc 8233.5781
056 022 034 Ti 8467.9495
056 023 033 V 8574.7006
056 024 032 Cr 8723.2609
056 025 031 M 8738.3358
056 026 030 Fe 8790.3563
056 027 029 Co 8694.8386
056 028 028 Ni 8642.7811
056 029 027 Cu 8355.9907
057 021 036 Sc 8158.1666
057 022 035 Ti 8372.9008
057 023 034 V 8535.1967
057 024 033 Cr 8663.3998
057 025 032 M 8736.7146
057 026 031 Fe 8770.2829
057 027 030 Co 8741.8845
057 028 029 Ni 8670.9364
057 029 028 Cu 8503.2646
058 021 037 Sc 8054.9436
058 022 036 Ti 8307.6290
058 023 035 V 8458.1560
058 024 034 Cr 8643.9987
058 025 033 M 8696.6438
058 026 032 Fe 8792.2534
058 027 031 Co 8738.9719
058 028 030 Ni 8732.0621
058 029 029 Cu 8570.9696
058 030 028 Z 8395.9467
059 021 038 Sc 7976.4073
059 023 036 V 8403.8034
059 024 035 Cr 8568.5995
059 025 034 M 8680.9224
059 026 033 Fe 8754.7746
059 027 032 Co 8768.0379
059 028 031 Ni 8736.5912
059 029 030 Cu 8642.0027
059 030 029 Z 8473.7802
060 022 038 Ti 8152.7858
060 023 037 V 8322.8751
060 024 036 Cr 8540.1876
060 025 035 M 8628.1392
060 026 034 Fe 8755.8539
060 027 033 Co 8746.7692
060 028 032 Ni 8780.7769
060 029 031 Cu 8665.6047
060 030 030 Z 8583.0524
061 023 038 V 8271.0417
061 024 037 Cr 8460.1734
061 025 036 M 8598.9157
061 026 035 Fe 8703.7686
061 027 034 Co 8756.1510
061 028 033 Ni 8765.0281
061 029 032 Cu 8715.5148
061 030 031 Z 8610.3098
061 031 030 Ga 8446.4313
062 023 039 V 8187.7565
062 024 038 Cr 8427.3871
062 025 037 M 8538.5002
062 026 036 Fe 8692.8831
062 027 035 Co 8721.3347
062 028 034 Ni 8794.5555
062 029 033 Cu 8718.0839
062 030 032 Z 8679.3451
062 031 031 Ga 8518.6449
063 023 040 V 8130.7809
063 024 039 Cr 8347.5398
063 025 038 M 8505.1020
063 026 037 Fe 8631.5499
063 027 036 Co 8717.7972
063 028 035 Ni 8763.4955
063 029 034 Cu 8752.1404
063 030 033 Z 8686.2866
063 031 032 Ga 8583.9267
063 032 031 Ge 8418.7167
064 024 040 Cr 8303.5626
064 025 039 M 8437.4175
064 026 038 Fe 8612.3888
064 027 037 Co 8675.5223
064 028 036 Ni 8777.4637
064 029 035 Cu 8739.0736
064 030 034 Z 8735.9057
064 031 033 Ga 8611.6317
064 032 032 Ge 8528.8243
065 025 040 M 8400.6822
065 026 039 Fe 8546.3470
065 027 038 Co 8656.8848
065 028 037 Ni 8736.2424
065 029 036 Cu 8757.0967
065 030 035 Z 8724.2660
065 031 034 Ga 8662.1601
065 032 033 Ge 8555.0584
065 033 032 As 8396.2351
066 025 041 M 8331.7986
066 026 040 Fe 8521.7245
066 027 039 Co 8605.9419
066 028 038 Ni 8739.5086
066 029 037 Cu 8731.4730
066 030 036 Z 8759.6335
066 031 035 Ga 8669.3631
066 032 034 Ge 8625.4383
066 033 033 As 8468.4034
067 026 041 Fe 8449.9359
067 027 040 Co 8581.7422
067 028 039 Ni 8695.7505
067 029 038 Cu 8737.4597
067 030 037 Z 8734.1534
067 031 036 Ga 8707.5330
067 032 035 Ge 8633.0884
067 033 034 As 8530.5685
067 034 033 Se 8369.5344
068 027 041 Co 8520.1301
068 028 040 Ni 8682.4667
068 029 039 Cu 8701.8913
068 030 038 Z 8755.6820
068 031 037 Ga 8701.2195
068 032 036 Ge 8688.1371
068 033 035 As 8557.7457
068 034 034 Se 8477.0482
069 027 042 Co 8495.4062
069 028 041 Ni 8623.0998
069 029 040 Cu 8695.2044
069 030 039 Z 8722.7311
069 031 038 Ga 8724.5798
069 032 037 Ge 8680.9640
069 033 036 As 8611.8214
069 034 035 Se 8503.7082
069 035 034 Br 8344.9026
070 027 043 Co 8434.1980
070 028 042 Ni 8604.2917
070 029 041 Cu 8646.8655
070 030 040 Z 8729.8086
070 031 039 Ga 8709.2808
070 032 038 Ge 8721.7028
070 033 037 As 8621.5541
070 034 036 Se 8576.0338
070 035 035 Br 8414.7964
071 027 044 Co 8398.7344
071 028 043 Ni 8543.1564
071 029 042 Cu 8635.0233
071 030 041 Z 8689.0417
071 031 040 Ga 8717.6050
071 032 039 Ge 8703.3118
071 033 038 As 8663.9350
071 034 037 Se 8586.0606
071 035 036 Br 8481.4629
071 036 035 Kr 8327.1310
072 028 044 Ni 8520.2118
072 029 043 Cu 8586.5256
072 030 042 Z 8691.8053
072 031 041 Ga 8687.0893
072 032 040 Ge 8731.7459
072 033 039 As 8660.3786
072 034 038 Se 8644.4902
072 035 037 Br 8511.3126
072 036 036 Kr 8429.3193
073 028 045 Ni 8457.6529
073 029 044 Cu 8568.5699
073 030 043 Z 8648.3455
073 031 042 Ga 8693.8740
073 032 041 Ge 8705.0500
073 033 040 As 8689.6099
073 034 039 Se 8641.5591
073 035 038 Br 8568.0803
073 036 037 Kr 8460.1847
073 037 036 Rb 8305.0821
074 029 045 Cu 8521.5633
074 030 044 Z 8642.7547
074 031 043 Ga 8663.1676
074 032 042 Ge 8725.2011
074 033 041 As 8680.0020
074 034 040 Se 8687.7155
074 035 039 Br 8583.5615
074 036 038 Kr 8533.0390
074 037 037 Rb 8381.7123
075 029 046 Cu 8495.0801
075 030 045 Z 8592.4981
075 031 044 Ga 8660.7565
075 032 043 Ge 8695.6096
075 033 042 As 8700.8748
075 034 041 Se 8678.9139
075 035 040 Br 8627.6497
075 036 039 Kr 8553.4399
075 037 038 Rb 8448.2762
075 038 037 Sr 8296.5116
076 029 047 Cu 8443.6018
076 030 046 Z 8582.2735
076 031 045 Ga 8624.5272
076 032 044 Ge 8705.2364
076 033 043 As 8682.8172
076 034 042 Se 8711.4781
076 035 041 Br 8635.8830
076 036 040 Kr 8608.8077
076 037 039 Rb 8486.2161
076 038 038 Sr 8393.9294
077 029 048 Cu 8411.2501
077 030 047 Z 8530.0037
077 031 046 Ga 8613.3907
077 032 045 Ge 8671.0293
077 033 044 As 8695.9789
077 034 043 Se 8694.6908
077 035 042 Br 8666.8073
077 036 041 Kr 8616.8370
077 037 040 Rb 8537.3396
077 038 039 Sr 8435.9188
078 029 049 Cu 8354.6695
078 030 048 Z 8507.3800
078 031 047 Ga 8577.1043
078 032 046 Ge 8671.6636
078 033 045 As 8673.8760
078 034 044 Se 8717.8072
078 035 043 Br 8661.9594
078 036 042 Kr 8661.2385
078 037 041 Rb 8558.3512
078 038 040 Sr 8500.0971
079 029 050 Cu 8320.9380
079 030 049 Z 8450.5825
079 031 048 Ga 8556.0725
079 032 047 Ge 8634.5089
079 033 046 As 8676.6172
079 034 045 Se 8695.5923
079 035 044 Br 8687.5956
079 036 043 Kr 8657.1130
079 037 042 Rb 8601.1401
079 038 041 Sr 8523.8558
079 039 040 Y 8416.7788
080 030 050 Z 8423.5457
080 031 049 Ga 8508.4545
080 032 048 Ge 8627.5707
080 033 047 As 8651.2824
080 034 046 Se 8710.8142
080 035 045 Br 8677.6541
080 036 044 Kr 8692.9301
080 037 043 Rb 8611.6760
080 038 042 Sr 8578.5966
080 039 041 Y 8454.2759
081 030 051 Z 8351.9262
081 031 050 Ga 8483.3576
081 032 049 Ge 8580.6587
081 033 048 As 8648.0571
081 034 047 Se 8685.9998
081 035 046 Br 8695.9465
081 036 045 Kr 8682.8206
081 037 044 Rb 8645.5139
081 038 043 Sr 8587.3545
081 039 042 Y 8505.9031
081 040 041 Zr 8395.1519
082 030 052 Z 8301.1175
082 031 051 Ga 8421.0494
082 032 050 Ge 8563.7567
082 033 049 As 8611.4153
082 034 048 Se 8693.1973
082 035 047 Br 8682.4953
082 036 046 Kr 8710.6754
082 037 045 Rb 8647.4275
082 038 044 Sr 8635.7190
082 039 043 Y 8529.2762
082 040 042 Zr 8465.4666
083 031 052 Ga 8372.5756
083 032 051 Ge 8504.3462
083 033 050 As 8599.6540
083 034 049 Se 8658.5560
083 035 048 Br 8693.3852
083 036 047 Kr 8695.7295
083 037 046 Rb 8675.2193
083 038 045 Sr 8638.4076
083 039 044 Y 8573.6571
083 040 043 Zr 8488.3997
083 041 042 Nb 8378.9889
084 031 053 Ga 8307.5250
084 032 052 Ge 8465.5244
084 033 051 As 8547.9385
084 034 050 Se 8658.7935
084 035 049 Br 8671.3294
084 036 048 Kr 8717.4473
084 037 047 Rb 8676.2244
084 038 046 Sr 8677.5132
084 039 045 Y 8587.7812
084 040 044 Zr 8549.0301
084 041 043 Nb 8417.9563
085 031 054 Ga 8253.5687
085 032 053 Ge 8401.7689
085 033 052 As 8510.9851
085 034 051 Se 8610.3045
085 035 050 Br 8673.5926
085 036 049 Kr 8698.5633
085 037 048 Rb 8697.4416
085 038 047 Sr 8675.7193
085 039 046 Y 8628.1486
085 040 045 Zr 8564.0394
085 041 044 Nb 8473.7117
085 042 043 Mo 8361.3320
086 032 054 Ge 8354.6300
086 033 053 As 8456.7215
086 034 052 Se 8581.8224
086 035 051 Br 8632.3659
086 036 050 Kr 8712.0295
086 037 049 Rb 8696.9014
086 038 048 Sr 8708.4566
086 039 047 Y 8638.4293
086 040 046 Zr 8614.0523
086 041 045 Nb 8502.2231
086 042 044 Mo 8434.7175
087 033 054 As 8413.8521
087 034 053 Se 8529.0920
087 035 052 Br 8605.9105
087 036 051 Kr 8675.2840
087 037 050 Rb 8710.9843
087 038 049 Sr 8705.2363
087 039 048 Y 8674.8451
087 040 047 Zr 8623.6545
087 041 046 Nb 8551.7579
087 042 045 Mo 8462.4243
087 043 044 Tc 8347.7449
088 034 054 Se 8495.0045
088 035 053 Br 8563.7479
088 036 052 Kr 8656.8499
088 037 051 Rb 8681.1154
088 038 050 Sr 8732.5958
088 039 049 Y 8682.5396
088 040 048 Zr 8666.0339
088 041 047 Nb 8572.4013
088 042 046 Mo 8523.9087
088 043 045 Tc 8389.8338
089 034 055 Se 8435.2799
089 035 054 Br 8530.7802
089 036 053 Kr 8614.8158
089 037 052 Rb 8664.1895
089 038 051 Sr 8705.9230
089 039 050 Y 8714.0110
089 040 049 Zr 8673.3865
089 041 048 Nb 8616.8184
089 042 047 Mo 8544.9851
089 043 046 Tc 8450.5758
089 044 045 Ru 8340.3760
090 034 056 Se 8395.7672
090 035 055 Br 8478.1865
090 036 054 Kr 8591.2599
090 037 053 Rb 8631.5262
090 038 052 Sr 8696.0043
090 039 051 Y 8693.3778
090 040 050 Zr 8709.9699
090 041 049 Nb 8633.3770
090 042 048 Mo 8597.0285
090 043 047 Tc 8483.3600
090 044 046 Ru 8409.7684
091 034 057 Se 8334.8382
091 035 056 Br 8441.9242
091 036 055 Kr 8541.7519
091 037 054 Rb 8607.5621
091 038 053 Sr 8663.8759
091 039 052 Y 8684.9421
091 040 051 Zr 8693.3149
091 041 050 Nb 8670.8983
091 042 049 Mo 8613.6286
091 043 048 Tc 8536.6558
091 044 047 Ru 8442.9287
092 035 057 Br 8384.9123
092 036 056 Kr 8512.6750
092 037 055 Rb 8569.4225
092 038 054 Sr 8648.9070
092 039 053 Y 8661.5894
092 040 052 Zr 8692.6783
092 041 051 Nb 8662.3731
092 042 050 Mo 8657.7312
092 043 049 Tc 8563.5440
092 044 048 Ru 8504.7740
092 045 047 Rh 8373.4211
092 046 046 Pd 8275.5695
093 035 058 Br 8345.5986
093 036 057 Kr 8458.1085
093 037 056 Rb 8540.9209
093 038 055 Sr 8612.7875
093 039 054 Y 8648.9054
093 040 053 Zr 8671.6207
093 041 052 Nb 8664.1849
093 042 051 Mo 8651.4095
093 043 050 Tc 8608.5782
093 044 049 Ru 8531.4627
093 045 048 Rh 8434.8255
093 046 047 Pd 8318.5637
094 036 058 Kr 8424.3318
094 037 057 Rb 8492.7644
094 038 056 Sr 8593.8344
094 039 055 Y 8622.8068
094 040 054 Zr 8666.8016
094 041 053 Nb 8648.9014
094 042 052 Mo 8662.3341
094 043 051 Tc 8608.7373
094 044 050 Ru 8583.6620
094 045 049 Rh 8472.4033
094 046 048 Pd 8391.6832
095 036 059 Kr 8365.9963
095 037 058 Rb 8460.1967
095 038 057 Sr 8549.0875
095 039 056 Y 8604.9644
095 040 055 Zr 8643.5924
095 041 054 Nb 8647.2133
095 042 053 Mo 8648.7212
095 043 052 Tc 8622.6911
095 044 051 Ru 8587.4706
095 045 050 Rh 8525.3707
095 046 049 Pd 8428.9807
096 036 060 Kr 8330.8721
096 037 059 Rb 8408.8963
096 038 058 Sr 8521.2041
096 039 057 Y 8569.4269
096 040 056 Zr 8635.3283
096 041 055 Nb 8628.8868
096 042 054 Mo 8653.9880
096 043 053 Tc 8614.8673
096 044 052 Ru 8609.4130
096 045 051 Rh 8534.6735
096 046 050 Pd 8490.0207
096 047 049 Ag 8360.2903
097 036 061 Kr 8269.8645
097 037 060 Rb 8376.1872
097 038 059 Sr 8471.8489
097 039 058 Y 8541.4616
097 040 057 Zr 8603.7182
097 041 056 Nb 8623.1384
097 042 055 Mo 8635.0926
097 043 054 Tc 8623.7254
097 044 053 Ru 8604.2799
097 045 052 Rh 8559.8949
097 046 051 Pd 8502.4303
097 047 050 Ag 8423.2121
097 048 049 Cd 8310.3013
098 037 061 Rb 8330.7294
098 038 060 Sr 8445.7385
098 039 059 Y 8497.6162
098 040 058 Zr 8581.3984
098 041 057 Nb 8596.3016
098 042 056 Mo 8635.1691
098 043 055 Tc 8610.0047
098 044 054 Ru 8620.3140
098 045 053 Rh 8560.8038
098 046 052 Pd 8533.8999
098 047 051 Ag 8441.6866
098 048 050 Cd 8378.2953
099 037 062 Rb 8295.3010
099 038 061 Sr 8402.5235
099 039 060 Y 8476.6938
099 040 059 Zr 8539.2250
099 041 058 Nb 8578.9859
099 042 057 Mo 8607.7982
099 043 056 Tc 8613.6105
099 044 055 Ru 8608.7132
099 045 054 Rh 8580.1959
099 046 053 Pd 8537.9332
099 047 052 Ag 8474.7744
099 048 051 Cd 8398.3734
100 037 063 Rb 8244.5085
100 038 062 Sr 8372.2012
100 039 061 Y 8439.4151
100 040 060 Zr 8522.1066
100 041 059 Nb 8548.4683
100 042 058 Mo 8604.6626
100 043 057 Tc 8595.1184
100 044 056 Ru 8619.3593
100 045 055 Rh 8575.1732
100 046 054 Pd 8563.5652
100 047 053 Ag 8484.9947
100 048 052 Cd 8437.7375
100 049 051 I 8329.7495
100 050 050 S 8251.6260
101 037 064 Rb 8206.1753
101 038 063 Sr 8324.7411
101 039 062 Y 8413.3305
101 040 061 Zr 8485.8439
101 041 060 Nb 8534.8355
101 042 059 Mo 8572.9159
101 043 058 Tc 8593.1366
101 044 057 Ru 8601.3660
101 045 056 Rh 8588.2172
101 046 055 Pd 8560.8644
101 047 054 Ag 8512.5465
101 048 053 Cd 8450.3657
101 049 052 I 8370.4260
101 050 051 S 8281.1030
102 037 065 Rb 8152.7443
102 038 064 Sr 8291.2213
102 039 063 Y 8371.9172
102 040 062 Zr 8466.2940
102 041 061 Nb 8504.8675
102 042 060 Mo 8568.3994
102 043 059 Tc 8570.6514
102 044 058 Ru 8607.4275
102 045 057 Rh 8576.9818
102 046 056 Pd 8580.2887
102 047 055 Ag 8517.1650
102 048 054 Cd 8484.1322
102 049 053 I 8388.5719
102 050 052 S 8324.4313
103 039 064 Y 8342.6336
103 040 063 Zr 8425.8337
103 041 062 Nb 8488.3320
103 042 061 Mo 8538.2672
103 043 060 Tc 8566.1045
103 044 059 Ru 8584.3656
103 045 058 Rh 8584.1927
103 046 057 Pd 8571.0173
103 047 056 Ag 8537.6520
103 048 055 Cd 8489.7547
103 049 054 I 8423.7199
104 040 064 Zr 8402.3159
104 041 063 Nb 8453.3832
104 042 062 Mo 8527.9063
104 043 061 Tc 8541.1070
104 044 060 Ru 8587.3998
104 045 059 Rh 8568.9501
104 046 058 Pd 8584.8485
104 047 057 Ag 8536.1850
104 048 056 Cd 8517.6232
104 049 055 I 8435.2380
104 050 054 S 8383.9114
104 052 052 Te 8157.3256
105 040 065 Zr 8358.5980
105 041 064 Nb 8431.6925
105 042 063 Mo 8494.8630
105 043 062 Tc 8534.6074
105 044 061 Ru 8561.9016
105 045 060 Rh 8572.7053
105 046 059 Pd 8570.6509
105 047 058 Ag 8550.3708
105 048 057 Cd 8516.8532
105 049 056 I 8464.7045
105 050 055 S 8397.2290
105 051 054 Sb 8300.9923
105 052 053 Te 8186.8368
106 041 065 Nb 8393.2657
106 042 064 Mo 8479.5202
106 043 063 Tc 8506.5570
106 044 062 Ru 8560.9406
106 045 061 Rh 8553.9317
106 046 060 Pd 8579.9934
106 047 059 Ag 8544.6397
106 048 058 Cd 8539.0492
106 049 057 I 8470.1213
106 050 056 S 8432.0383
106 051 055 Sb 8322.0124
106 052 054 Te 8236.7682
107 041 066 Nb 8367.0898
107 042 065 Mo 8442.2190
107 043 064 Tc 8492.8979
107 044 063 Ru 8533.3676
107 045 062 Rh 8554.1040
107 046 061 Pd 8560.8946
107 047 060 Ag 8553.9012
107 048 059 Cd 8533.3524
107 049 058 I 8494.0439
107 050 057 S 8439.4946
107 051 056 Sb 8358.7344
108 041 067 Nb 8325.6604
108 042 066 Mo 8422.1581
108 043 065 Tc 8462.8172
108 044 064 Ru 8527.2267
108 045 063 Rh 8532.6657
108 046 062 Pd 8567.0241
108 047 061 Ag 8542.0262
108 048 060 Cd 8550.0196
108 049 059 I 8495.2516
108 050 058 S 8469.0273
108 051 057 Sb 8372.6666
108 052 056 Te 8303.7221
108 054 054 Xe 8074.8886
109 041 068 Nb 8297.1307
109 042 067 Mo 8381.4163
109 043 066 Tc 8444.1796
109 044 065 Ru 8496.2280
109 045 064 Rh 8528.1404
109 046 063 Pd 8544.8825
109 047 062 Ag 8547.9155
109 048 061 Cd 8538.7646
109 049 060 I 8513.1027
109 050 059 S 8470.5183
109 051 058 Sb 8404.8161
109 052 057 Te 8319.3305
109 053 056 I 8220.0164
109 054 055 Xe 8107.3071
110 041 069 Nb 8255.2607
110 042 068 Mo 8359.2930
110 043 067 Tc 8411.2603
110 044 066 Ru 8486.3123
110 045 065 Rh 8504.2551
110 046 064 Pd 8547.1630
110 047 063 Ag 8532.1089
110 048 062 Cd 8551.2755
110 049 061 I 8508.9087
110 050 060 S 8496.0875
110 051 059 Sb 8412.6821
110 052 058 Te 8358.1160
110 053 057 I 8244.0767
110 054 056 Xe 8159.2808
111 042 069 Mo 8315.2932
111 043 068 Tc 8390.0906
111 044 067 Ru 8452.9582
111 045 066 Rh 8495.6267
111 046 065 Pd 8521.7498
111 047 064 Ag 8534.7878
111 048 063 Cd 8537.0801
111 049 062 I 8522.2824
111 050 061 S 8493.1310
111 051 060 Sb 8440.1203
111 052 059 Te 8367.7635
111 053 058 I 8282.9343
112 043 069 Tc 8353.6217
112 044 068 Ru 8439.2431
112 045 067 Rh 8468.8666
112 046 066 Pd 8520.7205
112 047 065 Ag 8516.0807
112 048 064 Cd 8544.7306
112 049 063 I 8514.6674
112 050 062 S 8513.6189
112 051 061 Sb 8443.6330
112 052 060 Te 8400.6527
112 053 059 I 8299.8801
112 054 058 Xe 8230.0646
113 043 070 Tc 8329.4652
113 044 069 Ru 8402.6857
113 045 068 Rh 8456.8165
113 046 067 Pd 8492.5795
113 047 066 Ag 8516.0660
113 048 065 Cd 8526.9874
113 049 064 I 8522.9297
113 050 063 S 8506.8117
113 051 062 Sb 8465.2762
113 052 061 Te 8404.6366
113 053 060 I 8333.7528
113 054 059 Xe 8247.9277
113 055 058 Cs 8148.6230
114 043 071 Tc 8290.2599
114 044 070 Ru 8385.3351
114 045 069 Rh 8426.6221
114 046 068 Pd 8488.0056
114 047 067 Ag 8493.7786
114 048 066 Cd 8531.5135
114 049 065 I 8511.9742
114 050 064 S 8522.5671
114 051 063 Sb 8462.5191
114 052 062 Te 8432.7885
114 053 061 I 8344.7790
114 054 060 Xe 8289.2054
114 055 059 Cs 8173.5711
114 056 058 Ba 8089.6865
115 044 071 Ru 8346.8140
115 045 070 Rh 8410.6538
115 046 069 Pd 8457.7342
115 047 068 Ag 8490.5553
115 048 067 Cd 8510.7252
115 049 066 I 8516.5472
115 050 065 S 8514.0702
115 051 064 Sb 8480.9156
115 052 063 Te 8431.1504
115 053 062 I 8374.5651
115 054 061 Xe 8300.9704
116 044 072 Ru 8326.8840
116 045 071 Rh 8377.6123
116 046 070 Pd 8449.2755
116 047 069 Ag 8465.9073
116 048 068 Cd 8512.3511
116 049 067 I 8501.6177
116 050 066 S 8523.1166
116 051 065 Sb 8475.8208
116 052 064 Te 8455.6435
116 053 063 I 8381.2858
116 054 062 Xe 8336.8365
117 044 073 Ru 8285.5625
117 045 072 Rh 8359.2766
117 046 071 Pd 8416.9243
117 047 070 Ag 8459.4515
117 048 069 Cd 8488.9740
117 049 068 I 8503.8653
117 050 067 S 8509.6120
117 051 066 Sb 8487.8981
117 052 065 Te 8450.9203
117 053 064 I 8404.4307
117 054 063 Xe 8344.2976
117 055 062 Cs 8271.8652
117 056 061 Ba 8187.9546
118 045 073 Rh 8322.8539
118 046 072 Pd 8405.2197
118 047 071 Ag 8433.8900
118 048 070 Cd 8487.8350
118 049 069 I 8485.6670
118 050 068 S 8516.5341
118 051 067 Sb 8478.9156
118 052 066 Te 8469.6970
118 053 065 I 8406.1203
118 054 064 Xe 8374.9819
118 055 063 Cs 8286.4053
119 045 074 Rh 8303.3953
119 046 073 Pd 8368.9594
119 047 072 Ag 8423.2126
119 048 071 Cd 8461.4381
119 049 070 I 8486.1387
119 050 069 S 8499.4494
119 051 068 Sb 8487.9218
119 052 067 Te 8462.0785
119 053 066 I 8426.8924
119 054 065 Xe 8378.4420
119 055 064 Cs 8317.3347
119 056 063 Ba 8245.9287
120 046 074 Pd 8357.0817
120 047 073 Ag 8395.3281
120 048 072 Cd 8458.0240
120 049 071 I 8466.2575
120 050 070 S 8504.4880
120 051 069 Sb 8475.6300
120 052 068 Te 8476.9857
120 053 067 I 8423.6745
120 054 066 Xe 8404.0322
120 055 065 Cs 8328.4811
120 056 064 Ba 8280.2949
121 045 076 Rh 8245.2397
121 046 075 Pd 8320.8584
121 047 074 Ag 8382.3306
121 048 073 Cd 8430.9972
121 049 072 I 8463.8767
121 050 071 S 8485.1964
121 051 070 Sb 8482.0574
121 052 069 Te 8466.8641
121 053 068 I 8441.4111
121 054 067 Xe 8403.8326
121 055 066 Cs 8352.9152
121 056 065 Ba 8293.9083
122 046 076 Pd 8305.9755
122 047 075 Ag 8352.7591
122 048 074 Cd 8424.2667
122 049 073 I 8442.1079
122 050 072 S 8487.8968
122 051 071 Sb 8468.3222
122 052 070 Te 8478.1315
122 053 069 I 8437.0139
122 054 068 Xe 8424.6644
122 055 067 Cs 8359.1515
122 056 066 Ba 8323.7567
123 046 077 Pd 8270.0318
123 047 076 Ag 8337.9707
123 048 075 Cd 8395.3955
123 049 074 I 8437.9362
123 050 073 S 8467.2313
123 051 072 Sb 8472.3196
123 052 071 Te 8465.5370
123 053 070 I 8449.1896
123 054 069 Xe 8420.9239
123 055 068 Cs 8380.3796
123 056 067 Ba 8330.2086
124 047 077 Ag 8308.8958
124 048 076 Cd 8387.0179
124 049 075 I 8414.3243
124 050 074 S 8467.3997
124 051 073 Sb 8456.1517
124 052 072 Te 8473.2705
124 053 071 I 8441.4807
124 054 070 Xe 8437.6138
124 055 069 Cs 8383.5114
124 056 068 Ba 8355.8209
124 057 067 La 8278.2926
125 047 078 Ag 8293.3151
125 048 077 Cd 8357.6815
125 049 076 I 8407.9365
125 050 075 S 8445.5285
125 051 074 Sb 8458.1612
125 052 073 Te 8458.0361
125 053 072 I 8450.2911
125 054 071 Xe 8430.9390
125 055 070 Cs 8399.8033
125 056 069 Ba 8358.1784
125 057 068 La 8304.6438
126 048 078 Cd 8346.7393
126 049 077 I 8384.6067
126 050 076 S 8443.5227
126 051 075 Sb 8440.3136
126 052 074 Te 8463.2397
126 053 073 I 8439.9379
126 054 072 Xe 8443.5375
126 055 071 Cs 8399.2673
126 056 070 Ba 8379.7187
126 057 069 La 8312.4268
126 058 068 Ce 8273.2581
127 048 079 Cd 8316.8971
127 049 078 I 8374.8212
127 050 077 S 8420.5482
127 051 076 Sb 8439.8110
127 052 075 Te 8446.1090
127 053 074 I 8445.4820
127 054 073 Xe 8434.1066
127 055 072 Cs 8411.5617
127 056 071 Ba 8378.4560
127 057 070 La 8333.5412
127 058 069 Ce 8280.7922
128 048 080 Cd 8303.2367
128 049 079 I 8351.4361
128 050 078 S 8416.9749
128 051 077 Sb 8420.7724
128 052 076 Te 8448.7536
128 053 075 I 8432.8309
128 054 074 Xe 8443.3008
128 055 073 Cs 8406.4953
128 056 072 Ba 8395.9878
128 057 071 La 8337.1904
128 058 070 Ce 8306.9259
128 059 069 Pr 8228.9141
129 048 081 Cd 8269.5311
129 049 080 I 8338.7590
129 050 079 S 8392.8161
129 051 078 Sb 8418.0598
129 052 077 Te 8430.4098
129 053 076 I 8435.9908
129 054 075 Xe 8431.3904
129 055 074 Cs 8416.0465
129 056 073 Ba 8391.0811
129 057 072 La 8356.0449
129 058 071 Ce 8310.9411
129 059 070 Pr 8254.3808
130 048 082 Cd 8252.5868
130 049 081 I 8314.1760
130 050 080 S 8386.8170
130 051 079 Sb 8397.3641
130 052 078 Te 8430.3251
130 053 077 I 8421.1011
130 054 076 Xe 8437.7314
130 055 075 Cs 8408.7848
130 056 074 Ba 8405.5130
130 057 073 La 8356.1919
130 058 072 Ce 8333.2164
130 059 071 Pr 8263.7565
130 060 070 Nd 8222.5136
131 048 083 Cd 8206.1204
131 049 082 I 8297.9544
131 050 081 S 8362.5183
131 051 080 Sb 8392.5525
131 052 079 Te 8411.2339
131 053 078 I 8422.2977
131 054 077 Xe 8423.7367
131 055 076 Cs 8415.0317
131 056 075 Ba 8398.5511
131 057 074 La 8370.3676
131 058 073 Ce 8333.3969
131 059 072 Pr 8286.1439
131 060 071 Nd 8230.3045
132 048 084 Cd 8169.1421
132 049 083 I 8253.7162
132 050 082 S 8354.8726
132 051 081 Sb 8372.3452
132 052 080 Te 8408.4859
132 053 079 I 8406.4628
132 054 078 Xe 8427.6229
132 055 077 Cs 8405.5878
132 056 076 Ba 8409.3747
132 057 075 La 8367.7559
132 058 074 Ce 8352.3223
132 059 073 Pr 8291.5377
132 060 072 Nd 8256.8104
133 050 083 S 8310.0890
133 051 082 Sb 8364.7302
133 052 081 Te 8389.0255
133 053 080 I 8405.0993
133 054 079 Xe 8412.6477
133 055 078 Cs 8409.9786
133 056 077 Ba 8400.2059
133 057 076 La 8378.8415
133 058 075 Ce 8349.8301
133 059 074 Pr 8310.2588
133 060 073 Nd 8262.2320
133 061 072 Pm 8204.2841
134 050 084 S 8275.1719
134 051 083 Sb 8325.9398
134 052 082 Te 8383.6442
134 053 081 I 8389.0722
134 054 080 Xe 8413.6994
134 055 079 Cs 8398.6470
134 056 078 Ba 8408.1731
134 057 077 La 8374.4888
134 058 076 Ce 8365.7716
134 059 075 Pr 8312.8817
134 060 074 Nd 8285.5391
134 061 073 Pm 8213.4131
135 050 085 S 8230.6877
135 051 084 Sb 8291.9894
135 052 083 Te 8345.7384
135 053 082 I 8384.7609
135 054 081 Xe 8398.4783
135 055 080 Cs 8401.3393
135 056 079 Ba 8397.5345
135 057 078 La 8382.7972
135 058 077 Ce 8361.9861
135 059 076 Pr 8328.9284
135 060 075 Nd 8288.1536
135 061 074 Pm 8236.7933
135 062 073 Sm 8177.6270
136 051 085 Sb 8252.2533
136 052 084 Te 8319.4301
136 053 083 I 8351.3242
136 054 082 Xe 8396.1889
136 055 081 Cs 8389.7723
136 056 080 Ba 8402.7566
136 057 079 La 8376.0512
136 058 078 Ce 8373.7624
136 059 077 Pr 8330.0089
136 060 076 Nd 8308.5127
136 061 075 Pm 8243.7207
136 062 074 Sm 8205.9165
137 051 086 Sb 8218.4764
137 052 085 Te 8280.2357
137 053 084 I 8326.0033
137 054 083 Xe 8364.2865
137 055 082 Cs 8388.9581
137 056 081 Ba 8391.8288
137 057 080 La 8381.8807
137 058 079 Ce 8367.2497
137 059 078 Pr 8341.7074
137 060 077 Nd 8309.5892
137 061 076 Pm 8263.6516
137 062 075 Sm 8213.5527
137 063 074 Eu 8150.5738
138 052 086 Te 8252.5786
138 053 085 I 8292.4450
138 054 084 Xe 8344.6913
138 055 083 Cs 8360.1437
138 056 082 Ba 8393.4222
138 057 081 La 8375.0835
138 058 080 Ce 8377.0408
138 059 079 Pr 8339.2195
138 060 078 Nd 8325.4946
138 061 077 Pm 8268.3558
138 062 076 Sm 8237.9286
138 063 075 Eu 8161.6211
139 052 087 Te 8211.7716
139 053 086 I 8265.6100
139 054 085 Xe 8311.5904
139 055 084 Cs 8342.3397
139 056 083 Ba 8367.0194
139 057 082 La 8377.9987
139 058 081 Ce 8370.4664
139 059 080 Pr 8349.5208
139 060 079 Nd 8323.6642
139 061 078 Pm 8285.5473
139 062 077 Sm 8243.0786
139 063 076 Eu 8187.2187
140 052 088 Te 8183.3567
140 053 087 I 8229.4740
140 054 086 Xe 8290.8875
140 055 085 Cs 8314.3227
140 056 084 Ba 8353.1500
140 057 083 La 8355.0201
140 058 082 Ce 8376.3045
140 059 081 Pr 8346.5163
140 060 080 Nd 8337.8640
140 061 079 Pm 8289.0958
140 062 078 Sm 8263.8211
140 063 077 Eu 8197.7330
140 064 076 Gd 8154.9757
140 065 075 Tb 8068.6732
141 053 088 I 8202.2562
141 054 087 Xe 8255.3647
141 055 086 Cs 8294.3554
141 056 085 Ba 8326.0774
141 057 084 La 8343.2050
141 058 083 Ce 8355.3956
141 059 082 Pr 8353.9852
141 060 081 Nd 8335.5074
141 061 080 Pm 8303.9405
141 062 079 Sm 8265.8460
141 063 078 Eu 8217.6853
141 064 077 Gd 8164.6090
141 065 076 Tb 8097.4761
142 053 089 I 8165.2517
142 054 088 Xe 8233.1695
142 055 087 Cs 8264.8777
142 056 086 Ba 8310.9718
142 057 085 La 8320.8263
142 058 084 Ce 8347.0700
142 059 083 Pr 8336.3032
142 060 082 Nd 8346.0310
142 061 081 Pm 8306.6587
142 062 080 Sm 8285.9407
142 063 079 Eu 8226.3960
142 064 078 Gd 8190.2569
142 065 077 Tb 8111.5080
143 054 089 Xe 8196.8855
143 055 088 Cs 8243.6707
143 056 087 Ba 8281.9878
143 057 086 La 8306.1271
143 058 085 Ce 8324.6765
143 059 084 Pr 8329.4280
143 060 083 Nd 8330.4893
143 061 082 Pm 8317.7341
143 062 081 Sm 8288.1825
143 063 080 Eu 8245.8177
143 064 079 Gd 8198.3188
143 065 078 Tb 8138.2176
143 066 077 Dy 8075.0527
144 054 090 Xe 8172.8845
144 055 089 Cs 8211.8894
144 056 088 Ba 8265.4549
144 057 087 La 8281.4283
144 058 086 Ce 8314.7612
144 059 085 Pr 8311.5411
144 060 084 Nd 8326.9237
144 061 083 Pm 8305.2969
144 062 082 Sm 8303.6800
144 063 081 Eu 8254.1744
144 064 080 Gd 8221.9382
144 065 079 Tb 8151.2877
144 066 078 Dy 8105.5902
144 067 077 Ho 8017.0977
145 054 091 Xe 8135.0877
145 055 090 Cs 8188.7342
145 056 089 Ba 8234.7991
145 057 088 La 8266.0873
145 058 087 Ce 8289.8762
145 059 086 Pr 8302.1285
145 060 085 Nd 8309.1883
145 061 084 Pm 8302.6583
145 062 083 Sm 8293.0139
145 063 082 Eu 8269.2744
145 064 081 Gd 8228.9485
145 065 080 Tb 8178.5397
145 066 079 Dy 8116.8884
145 067 078 Ho 8048.5792
146 054 092 Xe 8110.4154
146 055 091 Cs 8155.4365
146 056 090 Ba 8215.5293
146 057 089 La 8239.9988
146 058 088 Ce 8278.5081
146 059 087 Pr 8280.3250
146 060 086 Nd 8304.0927
146 061 085 Pm 8288.6550
146 062 084 Sm 8293.8581
146 063 083 Eu 8261.9327
146 064 082 Gd 8249.5072
146 065 081 Tb 8187.1474
146 066 080 Dy 8146.1128
146 067 079 Ho 8063.2426
146 068 078 Er 8010.5127
147 055 092 Cs 8131.8010
147 056 091 Ba 8183.2405
147 057 090 La 8221.5536
147 058 089 Ce 8252.5274
147 059 088 Pr 8270.5400
147 060 087 Nd 8283.6036
147 061 086 Pm 8284.3712
147 062 085 Sm 8280.5734
147 063 084 Eu 8263.5409
147 064 083 Gd 8243.3366
147 065 082 Tb 8206.6250
147 066 081 Dy 8156.7680
147 067 080 Ho 8094.0381
147 068 079 Er 8026.4760
147 069 078 Tm 7948.8178
148 055 093 Cs 8097.5469
148 056 092 Ba 8164.1118
148 057 091 La 8193.7165
148 058 090 Ce 8240.3876
148 059 089 Pr 8249.5409
148 060 088 Nd 8277.1778
148 061 087 Pm 8268.2283
148 062 086 Sm 8279.6326
148 063 085 Eu 8253.8155
148 064 084 Gd 8248.3398
148 065 083 Tb 8204.3207
148 066 082 Dy 8180.9430
148 067 081 Ho 8108.9797
148 068 080 Er 8059.6924
148 069 079 Tm 7968.5011
149 056 093 Ba 8131.8495
149 057 092 La 8176.1915
149 058 091 Ce 8214.2294
149 059 090 Pr 8238.3040
149 060 089 Nd 8255.4437
149 061 088 Pm 8261.5277
149 062 087 Sm 8263.4683
149 063 086 Eu 8253.5560
149 064 085 Gd 8239.4856
149 065 084 Tb 8209.8153
149 066 083 Dy 8179.0972
149 067 082 Ho 8133.2550
149 068 081 Er 8074.9558
150 056 094 Ba 8111.8405
150 057 093 La 8149.4339
150 058 092 Ce 8201.1230
150 059 091 Pr 8218.9316
150 060 090 Nd 8249.5789
150 061 089 Pm 8243.8125
150 062 088 Sm 8261.6235
150 063 087 Eu 8241.3481
150 064 086 Gd 8242.6103
150 065 085 Tb 8206.3396
150 066 084 Dy 8189.1495
150 067 083 Ho 8134.8423
150 068 082 Er 8102.1962
151 057 094 La 8129.0436
151 058 093 Ce 8176.2779
151 059 092 Pr 8207.8824
151 060 091 Nd 8230.2741
151 061 090 Pm 8241.2723
151 062 089 Sm 8243.9735
151 063 088 Eu 8239.2998
151 064 087 Gd 8231.0446
151 065 086 Tb 8208.8743
151 066 085 Dy 8184.6789
151 067 084 Ho 8145.5267
151 068 083 Er 8104.8723
151 069 082 Tm 8050.0576
151 070 081 Yb 7983.7556
152 059 093 Pr 8187.1049
152 060 092 Nd 8224.0078
152 061 091 Pm 8226.1293
152 062 090 Sm 8244.0645
152 063 089 Eu 8226.5854
152 064 088 Gd 8233.4042
152 065 087 Tb 8202.0072
152 066 086 Dy 8192.9171
152 067 085 Ho 8144.9193
152 068 084 Er 8119.3485
152 069 083 Tm 8056.4387
152 070 082 Yb 8015.4371
153 059 094 Pr 8172.0371
153 060 093 Nd 8204.5832
153 061 092 Pm 8221.1536
153 062 091 Sm 8228.5373
153 063 090 Eu 8228.7011
153 064 089 Gd 8220.4209
153 065 088 Tb 8205.0504
153 066 087 Dy 8185.7514
153 067 086 Ho 8153.6372
153 068 085 Er 8118.8154
153 069 084 Tm 8071.2571
153 071 082 Lu 7959.0882
154 059 095 Pr 8147.2994
154 060 094 Nd 8192.3491
154 061 093 Pm 8204.7170
154 062 092 Sm 8226.8379
154 063 091 Eu 8217.1006
154 064 090 Gd 8224.7996
154 065 089 Tb 8196.6697
154 066 088 Dy 8193.1305
154 067 087 Ho 8150.6825
154 068 086 Er 8132.3919
154 069 085 Tm 8074.2090
154 070 084 Yb 8039.9402
155 059 096 Pr 8131.0398
155 060 095 Nd 8170.3050
155 061 094 Pm 8195.2977
155 062 093 Sm 8211.2258
155 063 092 Eu 8216.6760
155 064 091 Gd 8213.2541
155 065 090 Tb 8202.9173
155 066 089 Dy 8184.3570
155 067 088 Ho 8159.2055
155 068 087 Er 8129.4444
155 069 086 Tm 8088.3760
155 070 085 Yb 8043.8234
155 071 084 Lu 7987.4369
156 059 097 Pr 8105.2337
156 060 096 Nd 8156.3265
156 061 095 Pm 8176.7263
156 062 094 Sm 8205.0054
156 063 093 Eu 8204.6192
156 064 092 Gd 8215.3253
156 065 091 Tb 8194.6415
156 066 090 Dy 8192.4366
156 067 089 Ho 8155.4280
156 068 088 Er 8141.9084
156 069 087 Tm 8089.6032
156 070 086 Yb 8061.7107
156 071 085 Lu 7995.3752
156 072 084 Hf 7952.6676
157 059 098 Pr 8085.8170
157 060 097 Nd 8132.1671
157 061 096 Pm 8164.1458
157 062 095 Sm 8187.0642
157 063 094 Eu 8199.7975
157 064 093 Gd 8203.5072
157 065 092 Tb 8198.1416
157 066 091 Dy 8184.6287
157 067 090 Ho 8163.1373
157 068 089 Er 8136.3757
157 069 088 Tm 8101.4285
157 070 087 Yb 8062.7551
157 071 086 Lu 8013.3128
157 073 084 Ta 7896.0608
158 060 098 Nd 8114.9529
158 061 097 Pm 8143.3622
158 062 096 Sm 8177.3075
158 063 095 Eu 8185.1320
158 064 094 Gd 8201.8229
158 065 093 Tb 8189.1556
158 066 092 Dy 8190.1298
158 067 091 Ho 8158.4709
158 068 090 Er 8147.9270
158 069 089 Tm 8101.1994
158 070 088 Yb 8079.1999
158 071 087 Lu 8018.5685
158 072 086 Hf 7981.2764
159 060 099 Nd 8088.8224
159 061 098 Pm 8126.8601
159 062 097 Sm 8157.4963
159 063 096 Eu 8176.6987
159 064 095 Gd 8187.6177
159 065 094 Tb 8188.8025
159 066 093 Dy 8181.5842
159 067 092 Ho 8165.1066
159 068 091 Er 8142.7742
159 069 090 Tm 8112.7549
159 070 089 Yb 8078.0428
159 071 088 Lu 8034.6009
159 072 087 Hf 7986.5610
159 073 086 Ta 7928.7258
160 060 100 Nd 8069.9662
160 061 099 Pm 8103.6398
160 062 098 Sm 8144.6159
160 063 097 Eu 8160.1030
160 064 096 Gd 8183.0171
160 065 095 Tb 8177.4676
160 066 094 Dy 8184.0526
160 067 093 Ho 8158.6004
160 068 092 Er 8151.7217
160 069 091 Tm 8110.8124
160 070 090 Yb 8092.5614
160 071 089 Lu 8038.3387
160 072 088 Hf 8006.3791
160 073 087 Ta 7938.2704
160 074 086 W 7892.7893
161 061 100 Pm 8085.9977
161 062 099 Sm 8122.0418
161 063 098 Eu 8148.9810
161 064 097 Gd 8167.1934
161 065 096 Tb 8174.4809
161 066 095 Dy 8173.3093
161 067 094 Ho 8163.1134
161 068 093 Er 8145.8628
161 069 092 Tm 8120.4906
161 070 091 Yb 8090.3861
161 071 090 Lu 8052.7821
161 072 089 Hf 8009.1245
161 073 088 Ta 7957.4500
161 075 086 Re 7836.3292
162 062 100 Sm 8107.5745
162 063 099 Eu 8129.5593
162 064 098 Gd 8159.0373
162 065 097 Tb 8164.0773
162 066 096 Dy 8173.4555
162 067 095 Ho 8155.4126
162 068 094 Er 8152.3959
162 069 093 Tm 8117.5868
162 070 092 Yb 8102.5333
162 071 091 Lu 8054.5596
162 072 090 Hf 8027.1171
162 073 089 Ta 7964.3432
162 074 088 W 7923.8214
163 062 101 Sm 8084.1653
163 063 100 Eu 8116.0172
163 064 099 Gd 8140.7560
163 065 098 Tb 8155.6322
163 066 097 Dy 8161.7840
163 067 096 Ho 8156.9670
163 068 095 Er 8144.7403
163 069 094 Tm 8124.9774
163 070 093 Yb 8099.1069
163 071 092 Lu 8066.6848
163 072 091 Hf 8028.0072
163 073 090 Ta 7981.8905
163 074 089 W 7930.3043
163 075 088 Re 7870.8655
164 062 102 Sm 8067.7803
164 063 101 Eu 8095.3686
164 064 100 Gd 8129.9978
164 065 099 Tb 8139.9304
164 066 098 Dy 8158.7129
164 067 097 Ho 8147.9234
164 068 096 Er 8149.0191
164 069 095 Tm 8119.6534
164 070 094 Yb 8109.4149
164 071 093 Lu 8065.8043
164 072 092 Hf 8043.8142
164 073 091 Ta 7986.9978
164 074 090 W 7951.4515
164 075 089 Re 7881.0523
164 076 088 Os 7833.3080
165 063 102 Eu 8080.0529
165 064 101 Gd 8110.4428
165 065 100 Tb 8130.3259
165 066 099 Dy 8143.9083
165 067 098 Ho 8146.9591
165 068 097 Er 8139.9348
165 069 096 Tm 8125.5489
165 070 095 Yb 8104.8399
165 071 094 Lu 8076.7460
165 072 093 Hf 8042.8728
165 073 092 Ta 8003.0547
165 074 091 W 7955.9704
165 075 090 Re 7901.5201
166 064 102 Gd 8097.2260
166 065 101 Tb 8113.2230
166 066 100 Dy 8137.2793
166 067 099 Ho 8135.4933
166 068 098 Er 8141.9479
166 069 097 Tm 8118.9357
166 070 096 Yb 8112.4591
166 071 095 Lu 8074.1756
166 072 094 Hf 8056.4386
166 073 093 Ta 8004.9714
166 074 092 W 7974.8951
166 075 091 Re 7909.6392
166 076 090 Os 7866.3371
167 064 103 Gd 8075.5428
167 065 102 Tb 8101.4410
167 066 101 Dy 8120.8782
167 067 100 Ho 8130.3732
167 068 099 Er 8131.7352
167 069 098 Tm 8122.5826
167 070 097 Yb 8106.2020
167 071 096 Lu 8083.1722
167 072 095 Hf 8054.1850
167 073 094 Ta 8018.8614
167 074 093 W 7976.7045
167 076 091 Os 7873.9557
167 077 090 Ir 7812.8254
168 065 103 Tb 8082.7980
168 066 102 Dy 8112.5293
168 067 101 Ho 8116.8061
168 068 100 Er 8129.5897
168 069 099 Tm 8114.9516
168 070 098 Yb 8111.8870
168 071 097 Lu 8080.4026
168 072 096 Hf 8065.5536
168 073 095 Ta 8019.4287
168 074 094 W 7993.9327
168 075 093 Re 7935.1208
168 076 092 Os 7895.9408
168 077 091 Ir 7823.8509
168 078 090 Pt 7773.6217
169 066 103 Dy 8094.7566
169 067 102 Ho 8109.0622
169 068 101 Er 8117.0078
169 069 100 Tm 8114.4702
169 070 099 Yb 8104.5206
169 071 098 Lu 8086.3233
169 072 097 Hf 8061.7791
169 073 096 Ta 8030.9577
169 074 095 W 7994.5381
169 075 094 Re 7951.3963
169 076 093 Os 7901.2862
169 077 092 Ir 7845.5944
170 067 103 Ho 8093.7902
170 068 102 Er 8111.9529
170 069 101 Tm 8105.5144
170 070 100 Yb 8106.6101
170 071 099 Lu 8081.6686
170 072 098 Hf 8070.8762
170 073 097 Ta 8030.2965
170 074 096 W 8008.9482
170 075 095 Re 7955.0120
170 076 094 Os 7921.1258
170 078 092 Pt 7808.2365
171 067 104 Ho 8083.6021
171 068 103 Er 8097.7404
171 069 102 Tm 8101.8931
171 070 101 Yb 8097.8826
171 071 100 Lu 8084.6621
171 072 099 Hf 8066.0687
171 073 098 Ta 8039.7914
171 074 097 W 8008.1158
171 075 096 Re 7969.4131
171 076 095 Os 7924.1769
171 077 094 Ir 7873.4895
171 078 093 Pt 7816.6017
171 079 092 Au 7754.1069
172 068 104 Er 8090.4052
172 069 103 Tm 8091.0367
172 070 102 Yb 8097.4295
172 071 101 Lu 8078.2334
172 072 100 Hf 8071.7439
172 073 099 Ta 8037.7056
172 074 098 W 8020.1757
172 075 097 Re 7971.8460
172 076 096 Os 7942.1626
172 077 095 Ir 7880.2637
172 078 094 Pt 7839.2460
172 079 093 Au 7766.1587
172 080 092 Hg 7713.6064
173 069 104 Tm 8084.4633
173 070 103 Yb 8087.4276
173 071 102 Lu 8079.0312
173 072 101 Hf 8066.0164
173 073 100 Ta 8044.0650
173 074 099 W 8018.3337
173 075 098 Re 7983.9068
173 076 097 Os 7944.0341
173 077 096 Ir 7898.0680
173 078 095 Pt 7845.3856
173 079 094 Au 7788.2348
174 069 105 Tm 8070.6432
174 070 104 Yb 8083.8481
174 071 103 Lu 8071.4540
174 072 102 Hf 8068.5341
174 073 101 Ta 8040.4528
174 074 100 W 8027.2572
174 075 099 Re 7985.0944
174 076 098 Os 7959.4618
174 077 097 Ir 7902.0377
174 078 096 Pt 7866.1143
174 080 094 Hg 7749.7851
175 069 106 Tm 8061.7673
175 070 105 Yb 8070.9253
175 071 104 Lu 8069.1412
175 072 103 Hf 8060.7625
175 073 102 Ta 8044.4456
175 074 101 W 8024.1130
175 075 100 Re 7994.8168
175 076 099 Os 7960.7294
175 077 098 Ir 7917.9112
175 078 097 Pt 7869.5216
175 079 096 Au 7817.5939
175 080 095 Hg 7759.2134
176 069 107 Tm 8045.1214
176 070 106 Yb 8064.0853
176 071 105 Lu 8059.0209
176 072 104 Hf 8061.3604
176 073 103 Ta 8038.6706
176 074 102 W 8030.1131
176 075 101 Re 7993.9707
176 076 100 Os 7972.8681
176 077 099 Ir 7921.5522
176 078 098 Pt 7888.9934
176 079 097 Au 7825.3837
176 080 096 Hg 7782.6640
176 081 095 Tl 7707.9383
177 070 107 Yb 8049.9741
177 071 106 Lu 8053.4495
177 072 105 Hf 8051.8365
177 073 104 Ta 8040.8289
177 074 103 W 8025.0359
177 075 102 Re 8001.2229
177 076 101 Os 7972.4371
177 077 100 Ir 7934.6328
177 078 099 Pt 7892.4896
177 079 098 Au 7843.8623
177 080 097 Hg 7789.8947
177 081 096 Tl 7732.1655
178 070 108 Yb 8042.7386
178 071 107 Lu 8042.0554
178 072 106 Hf 8049.4438
178 074 104 W 8029.2584
178 075 103 Re 7998.1576
178 076 102 Os 7981.9128
178 077 101 Ir 7936.5630
178 078 100 Pt 7908.2530
178 079 099 Au 7849.3946
178 080 098 Hg 7811.3607
178 082 096 Pb 7690.8359
179 071 108 Lu 8035.0744
179 072 107 Hf 8038.5474
179 073 106 Ta 8033.5869
179 074 105 W 8023.2821
179 075 104 Re 8003.7666
179 076 103 Os 7979.4844
179 077 102 Ir 7947.5248
179 078 101 Pt 7910.6759
179 079 100 Au 7865.6374
179 080 099 Hg 7816.2631
179 081 098 Tl 7763.4942
179 082 097 Pb 7701.4630
180 071 109 Lu 8022.0394
180 072 108 Hf 8034.9319
180 073 107 Ta 8025.8864
180 074 106 W 8025.4434
180 075 105 Re 7999.9922
180 076 104 Os 7987.4171
180 077 103 Ir 7947.6337
180 078 102 Pt 7923.5781
180 079 101 Au 7870.3194
180 080 100 Hg 7836.1111
180 081 099 Tl 7771.4310
180 082 098 Pb 7725.6993
181 071 110 Lu 8011.9301
181 072 109 Hf 8022.0030
181 073 108 Ta 8023.4050
181 074 107 W 8017.9494
181 075 106 Re 8004.1434
181 076 105 Os 7983.4263
181 077 104 Ir 7956.5242
181 078 103 Pt 7924.1271
181 079 102 Au 7883.8359
181 080 101 Hg 7839.6792
181 081 100 Tl 7791.9183
181 082 099 Pb 7734.0704
182 072 110 Hf 8014.8381
182 073 109 Ta 8012.6332
182 074 108 W 8018.3096
182 075 107 Re 7998.6264
182 076 106 Os 7989.7287
182 077 105 Ir 7954.8948
182 078 104 Pt 7934.7541
182 079 103 Au 7887.2442
182 080 102 Hg 7856.9726
182 081 101 Tl 7796.3571
182 082 100 Pb 7756.3296
183 071 112 Lu 7984.8125
183 072 111 Hf 8000.0315
183 073 110 Ta 8006.7400
183 074 109 W 8008.3234
183 075 108 Re 8001.0101
183 076 107 Os 7985.0087
183 077 106 Ir 7961.8176
183 078 105 Pt 7933.3406
183 079 104 Au 7898.5644
183 080 103 Hg 7859.3885
183 081 102 Tl 7815.6741
183 082 101 Pb 7762.1790
184 072 112 Hf 7990.7228
184 073 111 Ta 7993.7535
184 074 110 W 8005.0777
184 075 109 Re 7992.7517
184 076 108 Os 7988.6778
184 077 107 Ir 7959.1992
184 078 106 Pt 7942.5649
184 079 105 Au 7900.1947
184 080 104 Hg 7874.3454
184 081 103 Tl 7818.6727
184 082 102 Pb 7782.7264
185 072 113 Hf 7973.9711
185 073 112 Ta 7986.3615
185 074 111 W 7992.9083
185 075 110 Re 7991.0101
185 076 109 Os 7981.3047
185 077 108 Ir 7963.7226
185 078 107 Pt 7939.7779
185 079 106 Au 7909.4410
185 080 105 Hg 7874.5391
185 081 104 Tl 7835.5756
185 082 103 Pb 7786.9330
186 072 114 Hf 7964.3032
186 073 113 Ta 7971.8357
186 074 112 W 7988.6026
186 075 111 Re 7981.2713
186 076 110 Os 7982.8324
186 077 109 Ir 7958.0473
186 078 108 Pt 7946.8094
186 079 107 Au 7909.5409
186 080 106 Hg 7888.2605
186 081 105 Tl 7837.5161
186 082 104 Pb 7805.3420
186 083 103 Bi 7739.1175
186 084 102 Po 7695.9488
187 073 114 Ta 7963.2123
187 074 113 W 7975.1168
187 075 112 Re 7977.9519
187 076 111 Os 7973.7814
187 077 110 Ir 7960.6692
187 078 109 Pt 7941.1699
187 079 108 Au 7917.4323
187 080 107 Hg 7886.9905
187 081 106 Tl 7852.4650
187 082 105 Pb 7808.4010
187 083 104 Bi 7758.2083
187 084 103 Po 7704.7889
188 074 114 W 7969.0532
188 075 113 Re 7966.7481
188 076 112 Os 7973.8656
188 077 111 Ir 7954.8512
188 078 110 Pt 7947.9027
188 079 109 Au 7914.7537
188 080 108 Hg 7899.0340
188 081 107 Tl 7853.0537
188 082 106 Pb 7824.8211
188 083 105 Bi 7764.1904
188 084 104 Po 7724.6544
189 075 114 Re 7961.8105
189 076 113 Os 7963.0029
189 077 112 Ir 7956.0214
189 078 111 Pt 7941.4045
189 079 110 Au 7921.9876
189 080 109 Hg 7896.9192
189 081 108 Tl 7866.2704
189 082 107 Pb 7826.2999
189 083 106 Bi 7780.9999
189 084 105 Po 7731.1321
190 074 116 W 7947.5031
190 075 115 Re 7949.7759
190 076 114 Os 7962.1047
190 077 113 Ir 7947.7017
190 078 112 Pt 7946.4941
190 079 111 Au 7918.8345
190 080 110 Hg 7907.0174
190 081 109 Tl 7866.0345
190 082 108 Pb 7841.1294
190 083 107 Bi 7785.3239
190 084 106 Po 7749.4526
191 074 117 W 7931.4359
191 075 116 Re 7943.9588
191 076 115 Os 7950.5687
191 077 114 Ir 7948.1144
191 078 113 Pt 7938.7279
191 079 112 Au 7924.6819
191 080 111 Hg 7903.8002
191 081 110 Tl 7877.1445
191 082 109 Pb 7841.6782
191 083 108 Bi 7800.6613
191 084 107 Po 7753.7871
191 085 106 At 7702.9233
192 075 117 Re 7930.2389
192 076 116 Os 7948.5260
192 077 115 Ir 7938.9999
192 078 114 Pt 7942.4923
192 079 113 Au 7920.1033
192 080 112 Hg 7912.0666
192 081 111 Tl 7876.0167
192 082 110 Pb 7854.6482
192 083 109 Bi 7803.6084
192 084 108 Po 7771.0542
192 085 107 At 7709.7283
193 075 118 Re 7923.9378
193 076 117 Os 7936.2716
193 077 116 Ir 7938.1346
193 078 115 Pt 7933.7875
193 079 114 Au 7924.1648
193 080 113 Hg 7907.9730
193 081 112 Tl 7885.3445
193 082 111 Pb 7854.0994
193 083 110 Bi 7817.1718
193 084 109 Po 7773.9510
193 085 108 At 7727.1099
193 086 107 R 7675.8530
194 076 118 Os 7932.0232
194 077 117 Ir 7928.4885
194 078 116 Pt 7935.9420
194 079 115 Au 7918.7744
194 080 114 Hg 7914.5974
194 081 113 Tl 7883.5211
194 082 112 Pb 7865.4181
194 083 111 Bi 7819.1955
194 084 110 Po 7789.2947
194 085 109 At 7732.2304
194 086 108 R 7694.9961
195 076 119 Os 7917.7449
195 077 118 Ir 7924.9160
195 078 117 Pt 7926.5530
195 079 116 Au 7921.3778
195 080 115 Hg 7909.3980
195 081 114 Tl 7890.7293
195 082 113 Pb 7864.0647
195 083 112 Bi 7830.7579
195 084 111 Po 7791.3155
195 085 110 At 7748.0914
195 086 109 R 7700.3841
196 076 120 Os 7912.2301
196 077 119 Ir 7914.1487
196 078 118 Pt 7926.5297
196 079 117 Au 7914.8553
196 080 116 Hg 7914.3700
196 081 115 Tl 7888.2900
196 082 114 Pb 7873.3374
196 083 113 Bi 7831.9009
196 084 112 Po 7804.7445
196 085 111 At 7752.0001
196 086 110 R 7717.9660
197 077 120 Ir 7909.0003
197 078 119 Pt 7915.9714
197 079 118 Au 7915.6548
197 080 117 Hg 7908.6402
197 081 116 Tl 7893.5725
197 082 115 Pb 7871.2822
197 083 114 Bi 7841.6348
197 084 113 Po 7805.7136
197 085 112 At 7766.0174
197 086 111 R 7722.1190
197 087 110 Fr 7673.7640
198 078 120 Pt 7914.1512
198 079 119 Au 7908.5675
198 080 118 Hg 7911.5532
198 081 117 Tl 7890.3011
198 082 116 Pb 7878.9695
198 083 115 Bi 7841.2123
198 084 114 Po 7817.5611
198 085 113 At 7769.3446
198 086 112 R 7737.7245
198 087 111 Fr 7679.1873
199 077 122 Ir 7891.2066
199 078 121 Pt 7902.3011
199 079 120 Au 7906.9379
199 080 119 Hg 7905.2794
199 081 118 Tl 7893.8773
199 082 117 Pb 7875.7366
199 083 116 Bi 7849.5232
199 084 115 Po 7817.6582
199 085 114 At 7781.4883
199 086 113 R 7741.0568
199 087 112 Fr 7695.2599
200 078 122 Pt 7899.1986
200 079 121 Au 7898.4915
200 080 120 Hg 7905.8956
200 081 119 Tl 7889.7037
200 082 118 Pb 7881.8101
200 083 117 Bi 7848.4969
200 084 116 Po 7827.4407
200 085 115 At 7783.7601
200 086 114 R 7754.9111
200 087 113 Fr 7700.3292
201 078 123 Pt 7885.8337
201 079 122 Au 7895.1752
201 080 121 Hg 7897.5607
201 081 120 Tl 7891.2717
201 082 119 Pb 7877.8782
201 083 118 Bi 7854.8713
201 084 117 Po 7826.5619
201 085 116 At 7794.1536
201 086 115 R 7757.0174
201 087 114 Fr 7714.8367
201 088 113 Ra 7669.4108
202 078 124 Pt 7881.5609
202 079 123 Au 7885.9100
202 080 122 Hg 7896.8505
202 081 121 Tl 7886.2206
202 082 120 Pb 7882.1505
202 083 119 Bi 7852.5857
202 084 118 Po 7834.8053
202 085 117 At 7794.5637
202 086 116 R 7769.3018
202 087 115 Fr 7719.0125
202 088 114 Ra 7685.5684
203 079 124 Au 7880.8650
203 080 123 Hg 7887.4828
203 081 122 Tl 7886.0530
203 082 121 Pb 7877.3970
203 083 120 Bi 7857.4762
203 084 119 Po 7832.8632
203 085 118 At 7803.6487
203 086 117 R 7770.3437
203 087 116 Fr 7731.7092
203 088 115 Ra 7689.8015
204 080 124 Hg 7885.5455
204 081 123 Tl 7880.0238
204 082 122 Pb 7879.9326
204 083 121 Bi 7854.2157
204 084 120 Po 7839.0823
204 085 119 At 7803.5522
204 086 118 R 7780.5743
204 087 117 Fr 7734.6931
204 088 116 Ra 7704.1238
205 080 125 Hg 7874.7325
205 081 124 Tl 7878.3946
205 082 123 Pb 7874.3313
205 083 122 Bi 7857.3218
205 084 121 Po 7836.2168
205 085 120 At 7810.2694
205 086 119 R 7780.7226
205 087 118 Fr 7745.6870
205 088 117 Ra 7707.1698
205 089 116 Ac 7662.8519
206 080 126 Hg 7869.1723
206 081 125 Tl 7871.7219
206 082 124 Pb 7875.3620
206 083 123 Bi 7853.3249
206 084 122 Po 7840.5973
206 085 121 At 7808.8904
206 086 120 R 7789.0417
206 087 119 Fr 7746.9621
206 088 118 Ra 7719.8028
206 089 117 Ac 7667.8538
207 080 127 Hg 7848.6112
207 081 126 Tl 7866.7979
207 082 125 Pb 7869.8664
207 083 124 Bi 7854.5053
207 084 123 Po 7836.6734
207 085 122 At 7813.9653
207 086 121 R 7787.9987
207 087 120 Fr 7756.2689
207 088 119 Ra 7721.7503
207 089 118 Ac 7681.1001
208 080 128 Hg 7834.1914
208 081 127 Tl 7847.1835
208 082 126 Pb 7867.4530
208 083 125 Bi 7849.8534
208 084 124 Po 7839.3568
208 085 123 At 7811.5604
208 086 122 R 7794.2678
208 087 121 Fr 7756.8985
208 088 120 Ra 7732.0177
208 089 119 Ac 7684.8289
208 090 118 Th 7652.5716
209 081 128 Tl 7833.3979
209 082 127 Pb 7848.6488
209 083 126 Bi 7847.9869
209 084 125 Po 7835.1882
209 085 124 At 7814.7835
209 086 123 R 7792.1755
209 087 122 Fr 7763.7485
209 088 121 Ra 7733.0177
209 089 120 Ac 7695.8455
210 081 129 Tl 7813.5890
210 082 128 Pb 7835.9656
210 083 127 Bi 7832.5424
210 084 126 Po 7834.3462
210 085 125 At 7811.6638
210 086 124 R 7796.6653
210 087 123 Fr 7763.1243
210 088 122 Ra 7741.3687
210 089 121 Ac 7698.0182
210 090 120 Th 7669.0764
211 081 130 Tl 7799.7915
211 082 129 Pb 7817.0079
211 083 128 Bi 7819.7745
211 084 127 Po 7818.7842
211 085 126 At 7811.3545
211 086 125 R 7793.9412
211 087 124 Fr 7768.3613
211 088 123 Ra 7741.0887
211 089 122 Ac 7707.4680
211 090 121 Th 7671.8506
211 091 120 Pa 7629.3948
212 082 130 Pb 7804.3203
212 083 129 Bi 7803.3140
212 084 128 Po 7810.2438
212 085 127 At 7798.3400
212 086 126 R 7794.7963
212 087 125 Fr 7766.8455
212 088 124 Ra 7747.5078
212 089 123 Ac 7708.4479
212 090 122 Th 7682.0628
212 091 121 Pa 7633.6289
213 081 132 Tl 7765.4311
213 082 131 Pb 7785.1732
213 083 130 Bi 7791.0217
213 084 129 Po 7794.0240
213 085 128 At 7790.0036
213 086 127 R 7782.1824
213 087 126 Fr 7768.4543
213 088 125 Ra 7746.4726
213 089 124 Ac 7715.5908
213 090 123 Th 7683.8470
213 091 122 Pa 7644.8027
214 082 132 Pb 7772.3955
214 083 131 Bi 7773.4955
214 084 130 Po 7785.1163
214 085 129 At 7776.3632
214 086 128 R 7777.1023
214 087 127 Fr 7757.7393
214 088 126 Ra 7749.1719
214 089 125 Ac 7715.8874
214 090 124 Th 7692.3173
214 091 123 Pa 7647.7037
215 082 133 Pb 7752.7381
215 083 132 Bi 7761.7177
215 084 131 Po 7768.1768
215 085 130 At 7767.8627
215 086 129 R 7763.8164
215 087 128 Fr 7753.2607
215 088 127 Ra 7739.3249
215 089 126 Ac 7719.4137
215 090 125 Th 7693.0266
215 091 124 Pa 7657.3733
215 092 123 U 7620.7821
216 083 133 Bi 7743.4996
216 084 132 Po 7758.8205
216 085 131 At 7753.0024
216 086 130 R 7758.6553
216 087 129 Fr 7742.4513
216 088 128 Ra 7737.3458
216 089 127 Ac 7711.2319
216 090 126 Th 7697.6617
216 091 125 Pa 7659.2006
216 092 124 U 7631.3072
217 083 134 Bi 7731.8491
217 084 133 Po 7741.3614
217 085 132 At 7744.6172
217 086 131 R 7744.4037
217 087 130 Fr 7737.7750
217 088 129 Ra 7726.9122
217 089 128 Ac 7710.3448
217 090 127 Th 7690.5945
217 091 126 Pa 7664.6438
218 083 135 Bi 7712.8280
218 084 134 Po 7731.5300
218 085 133 At 7729.1175
218 086 132 R 7738.7527
218 087 131 Fr 7726.7143
218 088 130 Ra 7725.0241
218 089 129 Ac 7702.1450
218 090 128 Th 7691.6026
218 091 127 Pa 7659.1935
218 092 126 U 7640.7191
219 084 135 Po 7713.3340
219 085 134 At 7720.1970
219 086 133 R 7723.7784
219 087 132 Fr 7721.1759
219 088 131 Ra 7714.0560
219 089 130 Ac 7700.5489
219 090 129 Th 7683.7655
219 091 128 Pa 7661.3783
219 092 127 U 7636.2867
219 093 126 N 7604.6732
220 084 136 Po 7703.2244
220 085 135 At 7703.7033
220 086 134 R 7717.2552
220 087 133 Fr 7709.7430
220 088 132 Ra 7711.6879
220 089 131 Ac 7692.3515
220 090 130 Th 7684.4964
220 091 129 Pa 7655.5364
220 093 127 N 7602.0758
221 084 137 Po 7684.4814
221 085 136 At 7694.4754
221 086 135 R 7701.3941
221 087 134 Fr 7703.2572
221 088 133 Ra 7701.1352
221 089 132 Ac 7690.5039
221 090 131 Th 7676.0640
221 091 130 Pa 7656.9809
221 092 129 U 7634.6849
222 084 138 Po 7674.0054
222 085 137 At 7677.3878
222 086 136 R 7694.4991
222 087 135 Fr 7690.9474
222 088 134 Ra 7696.6931
222 089 133 Ac 7682.8015
222 090 132 Th 7676.6592
222 091 131 Pa 7651.2373
222 092 130 U 7637.7651
222 093 129 N 7602.7013
223 085 138 At 7668.0557
223 086 137 R 7678.1720
223 087 136 Fr 7683.6655
223 088 135 Ra 7685.3101
223 089 134 Ac 7679.1479
223 090 133 Th 7668.6426
223 091 132 Pa 7651.8957
223 092 131 U 7631.7611
223 093 130 N 7607.5654
224 085 139 At 7650.7354
224 086 138 R 7670.7514
224 087 137 Fr 7670.3680
224 088 136 Ra 7679.9236
224 089 135 Ac 7670.1438
224 090 134 Th 7667.7162
224 091 133 Pa 7646.9612
224 092 132 U 7635.0742
224 093 131 N 7603.5032
225 086 139 R 7654.3581
225 087 138 Fr 7662.9412
225 088 137 Ra 7667.5866
225 089 136 Ac 7665.6906
225 090 135 Th 7659.2229
225 091 134 Pa 7646.6504
225 092 133 U 7629.7717
225 093 132 N 7607.4231
226 086 140 R 7646.4108
226 087 139 Fr 7648.3768
226 088 138 Ra 7661.9636
226 089 137 Ac 7655.6628
226 090 136 Th 7657.1195
226 091 135 Pa 7641.1093
226 092 134 U 7631.9166
226 093 133 N 7604.1714
227 086 141 R 7630.0508
227 087 140 Fr 7640.7162
227 088 139 Ra 7648.3048
227 089 138 Ac 7650.7084
227 090 137 Th 7647.4591
227 091 136 Pa 7639.4945
227 092 135 U 7626.2918
227 093 134 N 7607.2771
228 086 142 R 7621.6457
228 087 141 Fr 7626.3689
228 088 140 Ra 7642.4289
228 089 139 Ac 7639.1973
228 090 138 Th 7645.0807
228 091 137 Pa 7632.2076
228 092 136 U 7627.4763
228 094 134 Pu 7590.4039
229 086 143 R 7605.6227
229 087 142 Fr 7618.3380
229 088 141 Ra 7628.4862
229 089 140 Ac 7633.2446
229 090 139 Th 7634.6510
229 091 138 Pa 7629.8752
229 092 137 U 7620.7218
229 093 136 N 7605.9921
229 094 135 Pu 7586.8834
229 095 134 Am 7562.5697
230 087 143 Fr 7603.7052
230 088 142 Ra 7621.9144
230 089 141 Ac 7621.4604
230 090 140 Th 7630.9974
230 091 139 Pa 7621.8958
230 092 138 U 7620.9227
230 093 137 N 7601.7751
230 094 136 Pu 7591.0016
231 087 144 Fr 7594.5009
231 088 143 Ra 7607.8418
231 089 142 Ac 7615.0768
231 090 141 Th 7620.1188
231 091 140 Pa 7618.4267
231 092 139 U 7613.3879
231 093 138 N 7602.1321
231 094 137 Pu 7587.1224
232 087 145 Fr 7579.3481
232 088 144 Ra 7600.0099
232 089 143 Ac 7602.4245
232 090 142 Th 7615.0338
232 091 141 Pa 7609.5072
232 092 140 U 7611.8984
232 094 138 Pu 7588.9839
233 087 146 Fr 7569.2398
233 088 145 Ra 7585.5644
233 089 144 Ac 7595.1939
233 090 143 Th 7602.8937
233 091 142 Pa 7604.8675
233 092 141 U 7603.9574
233 093 140 N 7596.1816
233 094 139 Pu 7583.7968
233 096 137 Cm 7546.0020
234 088 146 Ra 7576.5439
234 089 145 Ac 7582.1297
234 090 144 Th 7596.8557
234 091 143 Pa 7594.6837
234 092 142 U 7600.7160
234 093 141 N 7589.6382
234 094 140 Pu 7584.6061
234 096 138 Cm 7550.6868
235 089 146 Ac 7573.5051
235 090 145 Th 7584.3862
235 091 144 Pa 7588.4139
235 092 143 U 7590.9151
235 093 142 N 7587.0571
235 094 141 Pu 7578.8799
235 095 140 Am 7565.1582
236 089 147 Ac 7559.2423
236 090 146 Th 7576.9688
236 091 145 Pa 7577.5573
236 092 144 U 7586.4854
236 093 143 N 7579.2148
236 094 142 Pu 7577.9192
236 096 140 Cm 7550.3090
237 090 147 Th 7563.4433
237 091 146 Pa 7570.3847
237 092 145 U 7576.1026
237 093 144 N 7574.9895
237 094 143 Pu 7570.7599
237 096 141 Cm 7546.6241
237 098 139 Cf 7503.3507
238 091 147 Pa 7558.3449
238 092 146 U 7570.1262
238 093 145 N 7566.2220
238 094 144 Pu 7568.3611
238 095 143 Am 7555.5853
238 096 142 Cm 7547.9966
239 092 147 U 7558.5624
239 093 146 N 7560.5680
239 094 145 Pu 7560.3187
239 095 144 Am 7553.6891
239 096 143 Cm 7543.0659
240 092 148 U 7551.7705
240 093 147 N 7550.1743
240 094 146 Pu 7556.0433
240 095 145 Am 7547.0136
240 096 144 Cm 7542.8617
240 098 142 Cf 7510.2400
241 093 148 N 7544.0426
241 094 147 Pu 7546.4395
241 095 146 Am 7543.2795
241 096 145 Cm 7536.8488
242 093 149 N 7533.4042
242 094 148 Pu 7541.3284
242 095 147 Am 7534.9917
242 096 146 Cm 7534.5040
242 098 144 Cf 7509.0991
243 094 149 Pu 7531.0087
243 095 148 Am 7530.1742
243 096 147 Cm 7526.9261
243 097 146 Bk 7517.5021
244 094 150 Pu 7524.8154
244 095 149 Am 7521.3095
244 096 148 Cm 7523.9527
244 097 147 Bk 7511.4759
244 098 146 Cf 7505.1373
245 094 151 Pu 7513.2822
245 095 150 Am 7515.3043
245 096 149 Cm 7515.7677
245 097 148 Bk 7509.2714
245 098 147 Cf 7499.6644
246 094 152 Pu 7506.5401
246 096 150 Cm 7511.4716
246 097 149 Bk 7502.8035
246 098 148 Cf 7499.1220
246 099 147 Es 7480.7849
246 100 146 Fm 7467.9608
247 096 151 Cm 7501.9318
247 097 150 Bk 7498.9408
247 098 149 Cf 7493.2638
247 099 148 Es 7480.1005
248 096 152 Cm 7496.7291
248 097 151 Bk 7490.5975
248 098 150 Cf 7491.0440
248 100 148 Fm 7465.9451
249 096 153 Cm 7485.5510
249 097 152 Bk 7486.0410
249 098 151 Cf 7483.3954
249 100 149 Fm 7461.8649
249 101 148 Md 7444.0169
250 096 154 Cm 7478.9385
250 097 153 Bk 7475.9594
250 098 152 Cf 7479.9567
250 100 150 Fm 7462.0905
250 101 149 Md 7441.6533
251 096 155 Cm 7466.7233
251 097 154 Bk 7469.2637
251 098 153 Cf 7470.5014
251 099 152 Es 7465.8842
251 100 151 Fm 7457.0013
251 101 150 Md 7441.9005
252 098 154 Cf 7465.3474
252 099 153 Es 7457.2428
252 100 152 Fm 7456.0351
252 101 151 Md 7438.4444
252 102 150 No 7425.7992
253 098 155 Cf 7454.8297
253 099 154 Es 7452.8879
253 100 153 Fm 7448.4712
253 102 151 No 7422.4719
253 103 150 Lr 7402.9180
254 098 156 Cf 7449.2259
254 099 155 Es 7443.5759
254 100 154 Fm 7444.7936
254 102 152 No 7423.5909
254 103 151 Lr 7401.1306
255 099 156 Es 7437.8216
255 100 155 Fm 7435.8860
255 101 154 Md 7428.7333
255 102 153 No 7417.9403
255 103 152 Lr 7402.5767
256 100 156 Fm 7431.7888
256 102 154 No 7416.5429
256 103 153 Lr 7398.1605
256 104 152 Rf 7385.4349
257 100 157 Fm 7422.1942
257 101 156 Md 7417.5845
257 102 155 No 7409.6587
257 104 153 Rf 7381.7053
257 105 152 Db 7361.9767
258 101 157 Md 7409.6615
258 104 154 Rf 7382.5257
258 105 153 Db 7359.4803
259 102 157 No 7399.9714
259 105 154 Db 7360.3626
260 106 154 Sg 7342.5632
261 104 157 Rf 7371.3858
261 106 155 Sg 7339.7710
261 107 154 Bh 7317.3313
262 106 156 Sg 7341.1736
262 107 155 Bh 7315.7331
264 108 156 Hs 7298.3762
265 108 157 Hs 7296.2474
266 108 158 Hs 7298.2611
266 109 157 Mt 7270.7598
269 110 159 Ds 7250.1551
270 110 160 Ds 7253.7634
