001 000 001 8071.31713 0.0
001 001 000 H 0.0
002 001 001 H 1112.283
003 001 002 H 2827.265
003 002 001 He 2572.680
004 001 003 H 1720.449
004 002 002 He 7073.915
004 003 001 Li 1153.760
005 001 004 H 1336.359
005 002 003 He 5512.132
005 003 002 Li 5266.132
006 001 005 H 961.639
006 002 004 He 4878.519
006 003 003 Li 5332.331
006 004 002 Be 4487.247
007 002 005 He 4123.057
007 003 004 Li 5606.439
007 004 003 Be 5371.548
007 005 002 B 3558.705
008 002 006 He 3924.520
008 003 005 Li 5159.712
008 004 004 Be 7062.435
008 005 003 B 4717.155
008 006 002 C 3101.524
009 002 007 He 3349.037
009 003 006 Li 5037.768
009 004 005 Be 6462.668
009 005 004 B 6257.070
009 006 003 C 4337.423
010 002 008 He 2995.134
010 003 007 Li 4531.351
010 004 006 Be 6497.630
010 005 005 B 6475.083
010 006 004 C 6032.042
010 007 003 N 3643.672
011 003 008 Li 4155.381
011 004 007 Be 5952.540
011 005 006 B 6927.732
011 006 005 C 6676.456
011 007 004 N 5364.046
012 003 009 Li 3791.600
012 004 008 Be 5720.722
012 005 007 B 6631.223
012 006 006 C 7680.144
012 007 005 N 6170.109
012 008 004 O 4890.202
013 003 010 Li 3507.630
013 004 009 Be 5241.435
013 005 008 B 6496.419
013 006 007 C 7469.849
013 007 006 N 7238.863
013 008 005 O 5811.763
014 004 010 Be 4993.897
014 005 009 B 6101.644
014 006 008 C 7520.319
014 007 007 N 7475.614
014 008 006 O 7052.278
014 009 005 F 5285.208
015 004 011 Be 4540.970
015 005 010 B 5879.985
015 006 009 C 7100.169
015 007 008 N 7699.460
015 008 007 O 7463.692
015 009 006 F 6497.459
015 010 005 Ne 4868.728
016 004 012 Be 4285.285
016 005 011 B 5507.302
016 006 010 C 6922.054
016 007 009 N 7373.796
016 008 008 O 7976.206
016 009 007 F 6963.731
016 010 006 Ne 6083.177
017 005 012 B 5269.667
017 006 011 C 6558.024
017 007 010 N 7286.229
017 008 009 O 7750.728
017 009 008 F 7542.328
017 010 007 Ne 6640.499
017 011 006 Na 5496.080
018 005 013 B 4976.630
018 006 012 C 6426.131
018 007 011 N 7038.562
018 008 010 O 7767.097
018 009 009 F 7631.638
018 010 008 Ne 7341.257
018 011 007 Na 6202.217
019 005 014 B 4719.634
019 006 013 C 6118.273
019 007 012 N 6948.543
019 008 011 O 7566.495
019 009 010 F 7779.018
019 010 009 Ne 7567.343
019 011 008 Na 6937.885
019 012 007 Mg 5902.025
020 006 014 C 5961.435
020 007 013 N 6709.171
020 008 012 O 7568.570
020 009 011 F 7720.134
020 010 010 Ne 8032.240
020 011 009 Na 7298.496
020 012 008 Mg 6728.025
021 007 014 N 6609.015
021 008 013 O 7389.374
021 009 012 F 7738.293
021 010 011 Ne 7971.713
021 011 010 Na 7765.547
021 012 009 Mg 7105.031
022 006 016 C 5421.077
022 007 015 N 6378.534
022 008 014 O 7364.871
022 009 013 F 7624.295
022 010 012 Ne 8080.465
022 011 011 Na 7915.667
022 012 010 Mg 7662.761
023 007 016 N 6236.671
023 008 015 O 7163.485
023 009 014 F 7622.344
023 010 013 Ne 7955.256
023 011 012 Na 8111.493
023 012 011 Mg 7901.115
023 013 010 Al 7335.727
024 008 016 O 7039.685
024 009 015 F 7463.582
024 010 014 Ne 7993.325
024 011 013 Na 8063.488
024 012 012 Mg 8260.709
024 013 011 Al 7649.582
024 014 010 Si 7167.232
025 008 017 O 6727.805
025 009 016 F 7336.306
025 010 015 Ne 7839.799
025 011 014 Na 8101.397
025 012 013 Mg 8223.502
025 013 012 Al 8021.136
025 014 011 Si 7480.110
026 008 018 O 6497.478
026 009 017 F 7083.240
026 010 016 Ne 7751.910
026 011 015 Na 8004.201
026 012 014 Mg 8333.870
026 013 013 Al 8149.765
026 014 012 Si 7924.708
027 009 018 F 6867.932
027 010 017 Ne 7520.414
027 011 016 Na 7956.946
027 012 015 Mg 8263.852
027 013 014 Al 8331.553
027 014 013 Si 8124.341
027 015 012 P 7663.438
028 009 019 F 6614.792
028 010 018 Ne 7388.346
028 011 017 Na 7799.264
028 012 016 Mg 8272.413
028 013 015 Al 8309.894
028 014 014 Si 8447.744
028 015 013 P 7907.479
028 016 012 S 7478.790
029 009 020 F 6444.031
029 010 019 Ne 7167.067
029 011 018 Na 7682.151
029 012 017 Mg 8113.202
029 013 016 Al 8348.464
029 014 015 Si 8448.635
029 015 014 P 8251.236
029 016 013 S 7748.520
029 017 012 Cl 7158.832
030 010 020 Ne 7034.531
030 011 019 Na 7501.968
030 012 018 Mg 8054.506
030 013 017 Al 8261.128
030 014 016 Si 8520.654
030 015 015 P 8353.506
030 016 014 S 8122.707
030 018 012 Ar 6904.204
031 010 021 Ne 6813.090
031 011 020 Na 7398.677
031 012 019 Mg 7869.188
031 013 018 Al 8225.517
031 014 017 Si 8458.291
031 015 016 P 8481.167
031 016 015 S 8281.800
031 017 014 Cl 7869.209
032 011 021 Na 7219.881
032 012 020 Mg 7803.840
032 013 019 Al 8100.344
032 014 018 Si 8481.468
032 015 017 P 8464.120
032 016 016 S 8493.129
032 017 015 Cl 8072.404
032 018 014 Ar 7700.008
033 011 022 Na 7089.926
033 012 021 Mg 7636.455
033 013 020 Al 8020.616
033 014 019 Si 8361.059
033 015 018 P 8513.806
033 016 017 S 8497.630
033 017 016 Cl 8304.755
033 018 015 Ar 7928.955
034 011 023 Na 6886.437
034 012 022 Mg 7550.390
034 013 021 Al 7860.428
034 014 020 Si 8336.141
034 015 019 P 8448.185
034 016 018 S 8583.498
034 017 017 Cl 8398.970
034 018 016 Ar 8197.672
035 012 023 Mg 7356.233
035 013 022 Al 7787.124
035 014 021 Si 8169.563
035 015 020 P 8446.249
035 016 019 S 8537.850
035 017 018 Cl 8520.278
035 018 017 Ar 8327.461
035 019 016 K 7965.840
036 012 024 Mg 7244.419
036 013 023 Al 7623.515
036 014 022 Si 8112.519
036 015 021 P 8307.868
036 016 020 S 8575.389
036 017 019 Cl 8521.931
036 018 018 Ar 8519.909
036 019 017 K 8142.219
036 020 016 Ca 7815.879
037 012 025 Mg 7055.111
037 013 024 Al 7531.315
037 014 023 Si 7952.903
037 015 022 P 8267.555
037 016 021 S 8459.935
037 017 020 Cl 8570.281
037 018 019 Ar 8527.139
037 019 018 K 8339.847
037 020 017 Ca 8003.456
038 013 025 Al 7377.097
038 014 024 Si 7892.829
038 015 023 P 8147.274
038 016 022 S 8448.782
038 017 021 Cl 8505.481
038 018 020 Ar 8614.280
038 019 019 K 8438.058
038 020 018 Ca 8240.043
039 014 025 Si 7730.979
039 015 024 P 8097.969
039 016 023 S 8344.269
039 017 022 Cl 8494.402
039 018 021 Ar 8562.598
039 019 020 K 8557.025
039 020 019 Ca 8369.670
039 021 018 Sc 8013.456
040 014 026 Si 7661.754
040 015 025 P 7980.796
040 016 024 S 8329.325
040 017 023 Cl 8427.765
040 018 022 Ar 8595.259
040 019 021 K 8538.090
040 020 020 Ca 8551.303
040 021 019 Sc 8173.669
040 022 018 Ti 7862.286
041 014 027 Si 7508.573
041 015 026 P 7906.551
041 016 025 S 8229.635
041 017 024 Cl 8412.959
041 018 023 Ar 8534.372
041 019 022 K 8576.072
041 020 021 Ca 8546.706
041 021 020 Sc 8369.198
041 022 019 Ti 8034.388
042 015 027 P 7767.866
042 016 026 S 8193.227
042 017 025 Cl 8345.886
042 018 024 Ar 8555.613
042 019 023 K 8551.256
042 020 022 Ca 8616.563
042 021 021 Sc 8444.933
042 022 020 Ti 8259.247
043 015 028 P 7689.572
043 016 027 S 8063.827
043 017 026 Cl 8323.866
043 018 025 Ar 8488.237
043 019 024 K 8576.220
043 020 023 Ca 8600.663
043 021 022 Sc 8530.825
043 022 021 Ti 8352.932
043 023 020 V 8069.512
044 016 028 S 7996.015
044 017 027 Cl 8232.332
044 018 026 Ar 8493.840
044 019 025 K 8546.701
044 020 024 Ca 8658.175
044 021 023 Sc 8557.379
044 022 022 Ti 8533.520
044 023 021 V 8210.463
045 016 029 S 7881.807
045 017 028 Cl 8181.598
045 018 027 Ar 8419.952
045 019 026 K 8554.674
045 020 025 Ca 8630.545
045 021 024 Sc 8618.931
045 022 023 Ti 8555.722
045 023 022 V 8380.029
045 024 021 Cr 8087.728
046 017 029 Cl 8083.480
046 018 028 Ar 8412.419
046 019 027 K 8518.042
046 020 026 Ca 8668.979
046 021 025 Sc 8622.012
046 022 024 Ti 8656.451
046 023 023 V 8486.130
046 024 022 Cr 8303.823
047 018 029 Ar 8311.404
047 019 028 K 8514.879
047 020 027 Ca 8639.349
047 021 026 Sc 8665.090
047 022 025 Ti 8661.227
047 023 024 V 8582.225
047 024 023 Cr 8407.195
047 025 022 M 8135.311
048 018 030 Ar 8242.132
048 019 029 K 8434.232
048 020 028 Ca 8666.686
048 021 027 Sc 8656.204
048 022 026 Ti 8723.006
048 023 025 V 8623.061
048 024 024 Cr 8572.269
048 025 023 M 8274.185
049 019 030 K 8372.274
049 020 029 Ca 8594.844
049 021 028 Sc 8686.256
049 022 027 Ti 8711.157
049 023 026 V 8682.908
049 024 025 Cr 8613.291
049 025 024 M 8439.929
049 026 023 Fe 8161.311
050 019 031 K 8288.582
050 020 030 Ca 8550.163
050 021 029 Sc 8633.679
050 022 028 Ti 8755.718
050 023 027 V 8695.918
050 024 026 Cr 8701.032
050 025 025 M 8532.696
050 026 024 Fe 8354.026
051 019 032 K 8221.349
051 020 031 Ca 8476.913
051 021 030 Sc 8596.796
051 022 029 Ti 8708.988
051 023 028 V 8742.099
051 024 027 Cr 8712.005
051 025 026 M 8633.772
051 026 025 Fe 8460.759
051 027 024 Co 8193.254
052 019 033 K 8115.029
052 020 032 Ca 8429.381
052 021 031 Sc 8533.125
052 022 030 Ti 8691.667
052 023 029 V 8714.582
052 024 028 Cr 8775.989
052 025 027 M 8670.329
052 026 026 Fe 8609.574
052 027 025 Co 8325.886
053 019 034 K 8022.848
053 020 033 Ca 8330.577
053 021 032 Sc 8495.421
053 022 031 Ti 8630.174
053 023 030 V 8710.130
053 024 029 Cr 8760.198
053 025 028 M 8734.175
053 026 027 Fe 8648.799
053 027 026 Co 8477.658
053 028 025 Ni 8217.074
054 020 034 Ca 8247.496
054 021 033 Sc 8394.681
054 022 032 Ti 8597.435
054 023 031 V 8662.043
054 024 030 Cr 8777.955
054 025 029 M 8737.965
054 026 028 Fe 8736.382
054 027 027 Co 8569.217
054 028 026 Ni 8393.032
055 021 034 Sc 8320.955
055 022 033 Ti 8515.980
055 023 032 V 8637.692
055 024 031 Cr 8731.924
055 025 030 M 8765.022
055 026 029 Fe 8746.595
055 027 028 Co 8669.618
055 028 027 Ni 8497.320
055 029 026 Cu 8233.996
056 021 035 Sc 8221.728
056 022 034 Ti 8466.110
056 023 033 V 8574.191
056 024 032 Cr 8723.258
056 025 031 M 8738.333
056 026 030 Fe 8790.354
056 027 029 Co 8694.836
056 028 028 Ni 8642.779
056 029 027 Cu 8356.227
057 021 036 Sc 8151.433
057 022 035 Ti 8364.370
057 023 034 V 8534.817
057 024 033 Cr 8663.394
057 025 032 M 8736.713
057 026 031 Fe 8770.279
057 027 030 Co 8741.882
057 028 029 Ni 8670.933
057 029 028 Cu 8503.262
058 023 035 V 8457.658
058 024 034 Cr 8643.998
058 025 033 M 8696.643
058 026 032 Fe 8792.250
058 027 031 Co 8738.969
058 028 030 Ni 8732.059
058 029 029 Cu 8570.967
058 030 028 Z 8395.944
059 023 036 V 8407.555
059 024 035 Cr 8568.087
059 025 034 M 8680.921
059 026 033 Fe 8754.771
059 027 032 Co 8768.035
059 028 031 Ni 8736.588
059 029 030 Cu 8642.000
059 030 029 Z 8473.777
060 023 037 V 8325.450
060 024 036 Cr 8536.205
060 025 035 M 8628.138
060 026 034 Fe 8755.851
060 027 033 Co 8746.766
060 028 032 Ni 8780.774
060 029 031 Cu 8665.602
060 030 030 Z 8583.050
061 023 038 V 8276.439
061 024 037 Cr 8459.824
061 025 036 M 8598.915
061 026 035 Fe 8703.768
061 027 034 Co 8756.148
061 028 033 Ni 8765.025
061 029 032 Cu 8715.514
061 030 031 Z 8610.309
061 031 030 Ga 8446.431
062 024 038 Cr 8428.069
062 025 037 M 8538.499
062 026 036 Fe 8692.882
062 027 035 Co 8721.332
062 028 034 Ni 8794.553
062 029 033 Cu 8718.081
062 030 032 Z 8679.343
062 031 031 Ga 8518.642
063 024 039 Cr 8344.828
063 025 038 M 8505.101
063 026 037 Fe 8631.549
063 027 036 Co 8717.795
063 028 035 Ni 8763.493
063 029 034 Cu 8752.138
063 030 033 Z 8686.285
063 031 032 Ga 8583.926
063 032 031 Ge 8418.716
064 024 040 Cr 8301.058
064 025 039 M 8437.417
064 026 038 Fe 8612.388
064 027 037 Co 8675.520
064 028 036 Ni 8777.461
064 029 035 Cu 8739.075
064 030 034 Z 8735.905
064 031 033 Ga 8611.631
064 032 032 Ge 8528.823
065 025 040 M 8400.681
065 026 039 Fe 8546.346
065 027 038 Co 8656.884
065 028 037 Ni 8736.240
065 029 036 Cu 8757.096
065 030 035 Z 8724.265
065 031 034 Ga 8662.160
065 032 033 Ge 8555.058
065 033 032 As 8396.234
066 025 041 M 8331.798
066 026 040 Fe 8521.724
066 027 039 Co 8605.941
066 028 038 Ni 8739.508
066 029 037 Cu 8731.472
066 030 036 Z 8759.632
066 031 035 Ga 8669.361
066 032 034 Ge 8625.437
066 033 033 As 8468.403
067 026 041 Fe 8448.469
067 027 040 Co 8581.741
067 028 039 Ni 8695.750
067 029 038 Cu 8737.458
067 030 037 Z 8734.152
067 031 036 Ga 8707.531
067 032 035 Ge 8632.857
067 033 034 As 8530.568
067 034 033 Se 8369.534
068 026 042 Fe 8411.698
068 027 041 Co 8524.366
068 028 040 Ni 8682.466
068 029 039 Cu 8701.890
068 030 038 Z 8755.680
068 031 037 Ga 8701.218
068 032 036 Ge 8688.136
068 033 035 As 8557.745
068 034 034 Se 8477.047
069 027 042 Co 8493.865
069 028 041 Ni 8623.099
069 029 040 Cu 8695.204
069 030 039 Z 8722.729
069 031 038 Ga 8724.579
069 032 037 Ge 8680.963
069 033 036 As 8611.821
069 034 035 Se 8503.707
069 035 034 Br 8344.902
070 028 042 Ni 8604.291
070 029 041 Cu 8646.865
070 030 040 Z 8729.808
070 031 039 Ga 8709.280
070 032 038 Ge 8721.700
070 033 037 As 8621.666
070 034 036 Se 8576.033
070 035 035 Br 8414.796
071 027 044 Co 8398.734
071 028 043 Ni 8543.156
071 029 042 Cu 8635.022
071 030 041 Z 8689.041
071 031 040 Ga 8717.604
071 032 039 Ge 8703.309
071 033 038 As 8663.932
071 034 037 Se 8586.060
071 035 036 Br 8481.462
071 036 035 Kr 8327.130
072 028 044 Ni 8520.211
072 029 043 Cu 8586.525
072 030 042 Z 8691.805
072 031 041 Ga 8687.089
072 032 040 Ge 8731.745
072 033 039 As 8660.378
072 034 038 Se 8644.489
072 035 037 Br 8511.312
072 036 036 Kr 8429.319
073 028 045 Ni 8457.652
073 029 044 Cu 8568.569
073 030 043 Z 8648.345
073 031 042 Ga 8693.873
073 032 041 Ge 8705.049
073 033 040 As 8689.609
073 034 039 Se 8641.558
073 035 038 Br 8568.103
073 036 037 Kr 8460.184
074 029 045 Cu 8521.562
074 030 044 Z 8642.754
074 031 043 Ga 8663.167
074 032 042 Ge 8725.200
074 033 041 As 8680.001
074 034 040 Se 8687.715
074 035 039 Br 8583.561
074 036 038 Kr 8533.038
074 037 037 Rb 8381.712
075 029 046 Cu 8495.094
075 030 045 Z 8592.497
075 031 044 Ga 8660.808
075 032 043 Ge 8695.609
075 033 042 As 8700.874
075 034 041 Se 8678.913
075 035 040 Br 8627.649
075 036 039 Kr 8553.439
075 037 038 Rb 8448.275
075 038 037 Sr 8296.511
076 029 047 Cu 8443.527
076 030 046 Z 8582.273
076 031 045 Ga 8624.526
076 032 044 Ge 8705.236
076 033 043 As 8682.816
076 034 042 Se 8711.477
076 035 041 Br 8635.882
076 036 040 Kr 8608.807
076 037 039 Rb 8486.215
076 038 038 Sr 8393.929
077 030 047 Z 8530.003
077 031 046 Ga 8613.390
077 032 045 Ge 8671.028
077 033 044 As 8695.978
077 034 043 Se 8694.690
077 035 042 Br 8666.806
077 036 041 Kr 8616.836
077 037 040 Rb 8537.339
077 038 039 Sr 8435.918
078 029 049 Cu 8350.925
078 030 048 Z 8507.379
078 031 047 Ga 8577.127
078 032 046 Ge 8671.663
078 033 045 As 8673.875
078 034 044 Se 8717.806
078 035 043 Br 8661.959
078 036 042 Kr 8661.238
078 037 041 Rb 8558.350
078 038 040 Sr 8500.096
079 030 049 Z 8450.582
079 031 048 Ga 8556.063
079 032 047 Ge 8634.501
079 033 046 As 8676.616
079 034 045 Se 8695.592
079 035 044 Br 8687.594
079 036 043 Kr 8657.112
079 037 042 Rb 8601.142
079 038 041 Sr 8523.820
079 039 040 Y 8416.967
080 030 050 Z 8423.545
080 031 049 Ga 8508.454
080 032 048 Ge 8627.570
080 033 047 As 8651.280
080 034 046 Se 8710.813
080 035 045 Br 8677.653
080 036 044 Kr 8692.928
080 037 043 Rb 8611.675
080 038 042 Sr 8578.596
080 039 041 Y 8454.275
081 030 051 Z 8351.925
081 031 050 Ga 8483.357
081 032 049 Ge 8580.658
081 033 048 As 8648.056
081 034 047 Se 8685.999
081 035 046 Br 8695.946
081 036 045 Kr 8682.820
081 037 044 Rb 8645.513
081 038 043 Sr 8587.354
081 039 042 Y 8505.902
081 040 041 Zr 8394.358
082 030 052 Z 8301.117
082 031 051 Ga 8421.049
082 032 050 Ge 8563.756
082 033 049 As 8611.414
082 034 048 Se 8693.196
082 035 047 Br 8682.494
082 036 046 Kr 8710.675
082 037 045 Rb 8647.427
082 038 044 Sr 8635.718
082 039 043 Y 8529.275
082 040 042 Zr 8465.676
083 031 052 Ga 8372.575
083 032 051 Ge 8504.345
083 033 050 As 8599.653
083 034 049 Se 8658.555
083 035 048 Br 8693.384
083 036 047 Kr 8695.729
083 037 046 Rb 8675.218
083 038 045 Sr 8638.407
083 039 044 Y 8573.656
083 040 043 Zr 8488.399
083 041 042 Nb 8378.304
084 032 052 Ge 8465.524
084 033 051 As 8547.938
084 034 050 Se 8658.793
084 035 049 Br 8671.329
084 036 048 Kr 8717.446
084 037 047 Rb 8676.224
084 038 046 Sr 8677.512
084 039 045 Y 8587.780
084 040 044 Zr 8549.029
084 041 043 Nb 8418.252
085 032 053 Ge 8401.768
085 033 052 As 8510.984
085 034 051 Se 8610.304
085 035 050 Br 8673.592
085 036 049 Kr 8698.562
085 037 048 Rb 8697.441
085 038 047 Sr 8675.718
085 039 046 Y 8628.148
085 040 045 Zr 8564.039
085 041 044 Nb 8473.711
085 042 043 Mo 8361.331
086 032 054 Ge 8354.629
086 033 053 As 8456.721
086 034 052 Se 8581.822
086 035 051 Br 8632.365
086 036 050 Kr 8712.029
086 037 049 Rb 8696.901
086 038 048 Sr 8708.456
086 039 047 Y 8638.428
086 040 046 Zr 8614.051
086 041 045 Nb 8502.222
086 042 044 Mo 8434.709
087 033 054 As 8413.851
087 034 053 Se 8529.091
087 035 052 Br 8605.910
087 036 051 Kr 8675.283
087 037 050 Rb 8710.983
087 038 049 Sr 8705.236
087 039 048 Y 8674.844
087 040 047 Zr 8623.654
087 041 046 Nb 8551.757
087 042 045 Mo 8462.424
087 043 044 Tc 8347.744
088 034 054 Se 8495.004
088 035 053 Br 8563.747
088 036 052 Kr 8656.849
088 037 051 Rb 8681.115
088 038 050 Sr 8732.595
088 039 049 Y 8682.539
088 040 048 Zr 8666.033
088 041 047 Nb 8572.424
088 042 046 Mo 8523.908
088 043 045 Tc 8389.958
089 034 055 Se 8435.279
089 035 054 Br 8530.779
089 036 053 Kr 8614.815
089 037 052 Rb 8664.189
089 038 051 Sr 8705.922
089 039 050 Y 8713.978
089 040 049 Zr 8673.359
089 041 048 Nb 8616.812
089 042 047 Mo 8544.984
089 043 046 Tc 8450.575
090 034 056 Se 8395.766
090 035 055 Br 8478.186
090 036 054 Kr 8591.259
090 037 053 Rb 8631.512
090 038 052 Sr 8695.972
090 039 051 Y 8693.345
090 040 050 Zr 8709.969
090 041 049 Nb 8633.376
090 042 048 Mo 8597.028
090 043 047 Tc 8483.359
090 044 046 Ru 8409.768
091 034 057 Se 8334.837
091 035 056 Br 8441.923
091 036 055 Kr 8541.751
091 037 054 Rb 8607.561
091 038 053 Sr 8663.875
091 039 052 Y 8684.941
091 040 051 Zr 8693.314
091 041 050 Nb 8670.897
091 042 049 Mo 8613.628
091 043 048 Tc 8536.655
091 044 047 Ru 8442.928
092 035 057 Br 8384.911
092 036 056 Kr 8512.674
092 037 055 Rb 8569.422
092 038 054 Sr 8648.906
092 039 053 Y 8661.589
092 040 052 Zr 8692.678
092 041 051 Nb 8662.372
092 042 050 Mo 8657.730
092 043 049 Tc 8563.543
092 044 048 Ru 8504.773
092 045 047 Rh 8373.420
093 035 058 Br 8345.598
093 036 057 Kr 8458.108
093 037 056 Rb 8540.920
093 038 055 Sr 8612.787
093 039 054 Y 8648.905
093 040 053 Zr 8671.620
093 041 052 Nb 8664.184
093 042 051 Mo 8651.409
093 043 050 Tc 8608.577
093 044 049 Ru 8531.462
093 045 048 Rh 8434.825
094 036 058 Kr 8424.331
094 037 057 Rb 8492.764
094 038 056 Sr 8593.834
094 039 055 Y 8622.806
094 040 054 Zr 8666.801
094 041 053 Nb 8648.901
094 042 052 Mo 8662.333
094 043 051 Tc 8608.736
094 044 050 Ru 8583.661
094 045 049 Rh 8472.402
094 046 048 Pd 8391.682
095 036 059 Kr 8365.995
095 037 058 Rb 8460.208
095 038 057 Sr 8549.111
095 039 056 Y 8604.973
095 040 055 Zr 8643.592
095 041 054 Nb 8647.212
095 042 053 Mo 8648.720
095 043 052 Tc 8622.690
095 044 051 Ru 8587.470
095 045 050 Rh 8525.370
095 046 049 Pd 8428.980
096 036 060 Kr 8330.851
096 037 059 Rb 8408.896
096 038 058 Sr 8521.265
096 039 057 Y 8569.488
096 040 056 Zr 8635.327
096 041 055 Nb 8628.886
096 042 054 Mo 8653.987
096 043 053 Tc 8614.866
096 044 052 Ru 8609.412
096 045 051 Rh 8534.673
096 046 050 Pd 8490.020
096 047 049 Ag 8360.290
097 036 061 Kr 8269.864
097 037 060 Rb 8376.186
097 038 059 Sr 8471.856
097 039 058 Y 8541.522
097 040 057 Zr 8603.779
097 041 056 Nb 8623.168
097 042 055 Mo 8635.092
097 043 054 Tc 8623.725
097 044 053 Ru 8604.279
097 045 052 Rh 8559.894
097 046 051 Pd 8502.430
097 047 050 Ag 8422.405
098 037 061 Rb 8330.729
098 038 060 Sr 8445.745
098 039 059 Y 8497.677
098 040 058 Zr 8581.448
098 041 057 Nb 8596.301
098 042 056 Mo 8635.168
098 043 055 Tc 8610.004
098 044 054 Ru 8620.313
098 045 053 Rh 8560.803
098 046 052 Pd 8533.899
098 047 051 Ag 8441.686
098 048 050 Cd 8378.295
099 037 062 Rb 8295.300
099 038 061 Sr 8402.552
099 039 060 Y 8476.755
099 040 059 Zr 8539.264
099 041 058 Nb 8578.985
099 042 057 Mo 8607.797
099 043 056 Tc 8613.610
099 044 055 Ru 8608.712
099 045 054 Rh 8580.163
099 046 053 Pd 8537.930
099 047 052 Ag 8474.774
099 048 051 Cd 8398.373
100 037 063 Rb 8244.320
100 038 062 Sr 8372.234
100 039 061 Y 8439.476
100 040 060 Zr 8522.153
100 041 059 Nb 8548.529
100 042 058 Mo 8604.662
100 043 057 Tc 8595.118
100 044 056 Ru 8619.359
100 045 055 Rh 8575.172
100 046 054 Pd 8563.566
100 047 053 Ag 8484.994
100 048 052 Cd 8437.737
100 049 051 I 8331.097
100 050 050 S 8252.974
101 038 063 Sr 8324.740
101 039 062 Y 8413.391
101 040 061 Zr 8485.892
101 041 060 Nb 8534.835
101 042 059 Mo 8572.915
101 043 058 Tc 8593.136
101 044 057 Ru 8601.365
101 045 056 Rh 8588.216
101 046 055 Pd 8560.864
101 047 054 Ag 8512.546
101 048 053 Cd 8450.365
101 050 051 S 8281.102
102 038 064 Sr 8291.220
102 039 063 Y 8371.922
102 040 062 Zr 8466.355
102 041 061 Nb 8504.928
102 042 060 Mo 8568.450
102 043 059 Tc 8570.650
102 044 058 Ru 8607.427
102 045 057 Rh 8576.981
102 046 056 Pd 8580.290
102 047 055 Ag 8517.164
102 048 054 Cd 8484.131
102 049 053 I 8388.571
102 050 052 S 8324.430
103 039 064 Y 8342.638
103 040 063 Zr 8425.895
103 041 062 Nb 8488.331
103 042 061 Mo 8538.328
103 043 060 Tc 8566.103
103 044 059 Ru 8584.365
103 045 058 Rh 8584.192
103 046 057 Pd 8571.019
103 047 056 Ag 8537.651
103 048 055 Cd 8489.754
103 049 054 I 8423.721
103 050 053 S 8341.757
104 040 064 Zr 8402.377
104 041 063 Nb 8453.459
104 042 062 Mo 8527.965
104 043 061 Tc 8541.149
104 044 060 Ru 8587.399
104 045 059 Rh 8568.949
104 046 058 Pd 8584.848
104 047 057 Ag 8536.184
104 048 056 Cd 8517.622
104 049 055 I 8435.237
104 050 054 S 8383.911
104 051 053 Sb 8256.644
105 039 066 Y 8269.020
105 040 065 Zr 8358.659
105 041 064 Nb 8431.692
105 042 063 Mo 8494.923
105 043 062 Tc 8534.643
105 044 061 Ru 8561.900
105 045 060 Rh 8572.704
105 046 059 Pd 8570.650
105 047 058 Ag 8550.370
105 048 057 Cd 8516.852
105 049 056 I 8464.704
105 050 055 S 8397.228
105 051 054 Sb 8300.992
105 052 053 Te 8186.836
106 040 066 Zr 8328.450
106 041 065 Nb 8393.271
106 042 064 Mo 8479.581
106 043 063 Tc 8506.556
106 044 062 Ru 8560.940
106 045 061 Rh 8553.931
106 046 060 Pd 8579.992
106 047 059 Ag 8544.639
106 048 058 Cd 8539.048
106 049 057 I 8470.120
106 050 056 S 8432.038
106 051 055 Sb 8322.012
106 052 054 Te 8236.767
107 040 067 Zr 8287.073
107 041 066 Nb 8367.089
107 042 065 Mo 8442.280
107 043 064 Tc 8492.897
107 044 063 Ru 8533.366
107 045 062 Rh 8554.103
107 046 061 Pd 8560.894
107 047 060 Ag 8553.900
107 048 059 Cd 8533.351
107 049 058 I 8494.021
107 050 057 S 8439.494
107 051 056 Sb 8358.734
107 052 055 Te 8256.899
108 041 067 Nb 8325.665
108 042 066 Mo 8422.219
108 043 065 Tc 8462.816
108 044 064 Ru 8527.225
108 045 063 Rh 8532.670
108 046 062 Pd 8567.023
108 047 061 Ag 8542.025
108 048 060 Cd 8550.019
108 049 059 I 8495.251
108 050 058 S 8469.027
108 051 057 Sb 8372.666
108 052 056 Te 8303.721
108 053 055 I 8174.884
109 041 068 Nb 8297.130
109 042 067 Mo 8381.477
109 043 066 Tc 8444.178
109 044 065 Ru 8496.227
109 045 064 Rh 8528.142
109 046 063 Pd 8544.882
109 047 062 Ag 8547.915
109 048 061 Cd 8538.764
109 049 060 I 8513.102
109 050 059 S 8470.518
109 051 058 Sb 8404.815
109 052 057 Te 8319.330
109 053 056 I 8220.016
109 054 055 Xe 8107.306
110 041 069 Nb 8255.260
110 042 068 Mo 8359.354
110 043 067 Tc 8411.259
110 044 066 Ru 8486.311
110 045 065 Rh 8504.254
110 046 064 Pd 8547.162
110 047 063 Ag 8532.108
110 048 062 Cd 8551.275
110 049 061 I 8508.908
110 050 060 S 8496.087
110 051 059 Sb 8412.681
110 052 058 Te 8358.115
110 053 057 I 8244.043
110 054 056 Xe 8159.280
111 042 069 Mo 8315.292
111 043 068 Tc 8390.089
111 044 067 Ru 8452.957
111 045 066 Rh 8495.631
111 046 065 Pd 8521.749
111 047 064 Ag 8534.787
111 048 063 Cd 8537.079
111 049 062 I 8522.282
111 050 061 S 8493.130
111 051 060 Sb 8440.120
111 052 059 Te 8367.763
111 053 058 I 8282.934
111 054 057 Xe 8180.766
112 043 069 Tc 8353.621
112 044 068 Ru 8439.242
112 045 067 Rh 8468.870
112 046 066 Pd 8520.724
112 047 065 Ag 8516.080
112 048 064 Cd 8544.730
112 049 063 I 8514.667
112 050 062 S 8513.618
112 051 061 Sb 8443.632
112 052 060 Te 8400.652
112 053 059 I 8299.879
112 054 058 Xe 8230.064
112 055 057 Cs 8100.435
113 043 070 Tc 8329.464
113 044 069 Ru 8402.688
113 045 068 Rh 8456.821
113 046 067 Pd 8492.584
113 047 066 Ag 8516.065
113 048 065 Cd 8526.987
113 049 064 I 8522.929
113 050 063 S 8506.811
113 051 062 Sb 8465.275
113 052 061 Te 8404.636
113 053 060 I 8333.752
113 054 059 Xe 8247.927
113 055 058 Cs 8148.622
114 043 071 Tc 8290.259
114 044 070 Ru 8385.340
114 045 069 Rh 8426.624
114 046 068 Pd 8488.010
114 047 067 Ag 8493.778
114 048 066 Cd 8531.513
114 049 065 I 8511.973
114 050 064 S 8522.566
114 051 063 Sb 8462.518
114 052 062 Te 8432.778
114 054 060 Xe 8289.205
114 055 059 Cs 8173.538
114 056 058 Ba 8089.686
115 043 072 Tc 8268.527
115 044 071 Ru 8347.547
115 045 070 Rh 8410.658
115 046 069 Pd 8457.738
115 047 068 Ag 8490.555
115 048 067 Cd 8510.724
115 049 066 I 8516.546
115 050 065 S 8514.069
115 051 064 Sb 8480.915
115 052 063 Te 8431.150
115 053 062 I 8374.564
115 054 061 Xe 8300.970
116 044 072 Ru 8326.883
116 045 071 Rh 8377.615
116 046 070 Pd 8449.280
116 047 069 Ag 8465.907
116 048 068 Cd 8512.350
116 049 067 I 8501.617
116 050 066 S 8523.116
116 051 065 Sb 8475.821
116 052 064 Te 8455.687
116 053 063 I 8381.902
116 054 062 Xe 8336.834
117 044 073 Ru 8285.562
117 045 072 Rh 8359.281
117 046 071 Pd 8416.929
117 047 070 Ag 8459.452
117 048 069 Cd 8488.973
117 049 068 I 8503.865
117 050 067 S 8509.611
117 051 066 Sb 8487.897
117 052 065 Te 8450.919
117 053 064 I 8404.409
117 054 063 Xe 8344.297
117 055 062 Cs 8271.864
117 056 061 Ba 8187.953
118 045 073 Rh 8322.858
118 046 072 Pd 8405.222
118 047 071 Ag 8433.889
118 048 070 Cd 8487.834
118 049 069 I 8485.667
118 050 068 S 8516.533
118 051 067 Sb 8478.915
118 052 066 Te 8469.746
118 053 065 I 8406.120
118 054 064 Xe 8374.981
118 055 063 Cs 8286.404
119 045 074 Rh 8303.394
119 046 073 Pd 8368.964
119 047 072 Ag 8423.212
119 048 071 Cd 8461.438
119 049 070 I 8486.143
119 050 069 S 8499.449
119 051 068 Sb 8487.910
119 052 067 Te 8462.066
119 053 066 I 8426.789
119 054 065 Xe 8378.441
119 055 064 Cs 8317.334
119 056 063 Ba 8245.928
120 046 074 Pd 8357.085
120 047 073 Ag 8395.327
120 048 072 Cd 8458.023
120 049 071 I 8466.262
120 050 070 S 8504.492
120 051 069 Sb 8475.635
120 052 068 Te 8477.034
120 053 067 I 8423.722
120 054 066 Xe 8404.031
120 055 065 Cs 8328.480
120 056 064 Ba 8280.294
121 045 076 Rh 8245.239
121 046 075 Pd 8320.858
121 047 074 Ag 8382.330
121 048 073 Cd 8430.996
121 049 072 I 8463.887
121 050 071 S 8485.201
121 051 070 Sb 8482.066
121 052 069 Te 8466.883
121 053 068 I 8441.458
121 054 067 Xe 8403.832
121 055 066 Cs 8352.914
121 056 065 Ba 8293.907
122 046 076 Pd 8305.975
122 047 075 Ag 8352.758
122 048 074 Cd 8424.266
122 049 073 I 8442.118
122 050 072 S 8487.907
122 051 071 Sb 8468.331
122 052 070 Te 8478.140
122 053 069 I 8437.023
122 054 068 Xe 8424.664
122 055 067 Cs 8359.151
122 056 066 Ba 8323.756
123 046 077 Pd 8270.031
123 047 076 Ag 8337.803
123 048 075 Cd 8395.395
123 049 074 I 8437.946
123 050 073 S 8467.243
123 051 072 Sb 8472.328
123 052 071 Te 8465.546
123 053 070 I 8449.198
123 054 069 Xe 8420.927
123 055 068 Cs 8380.379
123 056 067 Ba 8330.208
124 047 077 Ag 8308.655
124 048 076 Cd 8387.035
124 049 075 I 8414.343
124 050 074 S 8467.421
124 051 073 Sb 8456.160
124 052 072 Te 8473.279
124 053 071 I 8441.489
124 054 070 Xe 8437.565
124 055 069 Cs 8383.432
124 056 068 Ba 8355.820
124 057 067 La 8278.292
125 047 078 Ag 8293.314
125 048 077 Cd 8357.681
125 049 076 I 8408.452
125 050 075 S 8445.550
125 051 074 Sb 8458.170
125 052 073 Te 8458.045
125 053 072 I 8450.300
125 054 071 Xe 8430.890
125 055 070 Cs 8399.788
125 056 069 Ba 8358.178
125 057 068 La 8304.643
126 048 078 Cd 8346.747
126 049 077 I 8384.317
126 050 076 S 8443.523
126 051 075 Sb 8440.314
126 052 074 Te 8463.248
126 053 073 I 8439.944
126 054 072 Xe 8443.541
126 055 071 Cs 8399.268
126 056 070 Ba 8379.718
126 057 069 La 8312.426
126 058 068 Ce 8273.257
127 048 079 Cd 8316.945
127 049 078 I 8374.949
127 050 077 S 8420.557
127 051 076 Sb 8439.820
127 052 075 Te 8446.118
127 053 074 I 8445.487
127 054 073 Xe 8434.111
127 055 072 Cs 8411.562
127 056 071 Ba 8378.455
127 057 070 La 8333.540
127 058 069 Ce 8280.791
128 048 080 Cd 8303.264
128 049 079 I 8351.090
128 050 078 S 8416.979
128 051 077 Sb 8420.775
128 052 076 Te 8448.752
128 053 075 I 8432.836
128 054 074 Xe 8443.298
128 055 073 Cs 8406.493
128 056 072 Ba 8396.060
128 057 071 La 8337.190
128 058 070 Ce 8306.925
128 059 069 Pr 8228.913
129 048 081 Cd 8269.034
129 049 080 I 8338.780
129 050 079 S 8392.818
129 051 078 Sb 8418.058
129 052 077 Te 8430.409
129 053 076 I 8435.990
129 054 075 Xe 8431.390
129 055 074 Cs 8416.047
129 056 073 Ba 8391.098
129 057 072 La 8356.052
129 058 071 Ce 8310.940
129 059 070 Pr 8254.380
130 048 082 Cd 8252.586
130 049 081 I 8313.996
130 050 080 S 8386.816
130 051 079 Sb 8397.363
130 052 078 Te 8430.324
130 053 077 I 8421.100
130 054 076 Xe 8437.731
130 055 075 Cs 8408.784
130 056 074 Ba 8405.549
130 057 073 La 8356.191
130 058 072 Ce 8333.216
130 059 071 Pr 8263.756
130 060 070 Nd 8222.513
131 048 083 Cd 8206.175
131 049 082 I 8297.959
131 050 081 S 8362.517
131 051 080 Sb 8392.552
131 052 079 Te 8411.233
131 053 078 I 8422.297
131 054 077 Xe 8423.736
131 055 076 Cs 8415.056
131 056 075 Ba 8398.587
131 057 074 La 8370.367
131 058 073 Ce 8333.396
131 059 072 Pr 8286.143
131 060 071 Nd 8230.304
132 049 083 I 8253.715
132 050 082 S 8354.872
132 051 081 Sb 8372.344
132 052 080 Te 8408.485
132 053 079 I 8406.462
132 054 078 Xe 8427.622
132 055 077 Cs 8405.587
132 056 076 Ba 8409.375
132 057 075 La 8367.756
132 058 074 Ce 8352.338
132 059 073 Pr 8291.537
132 060 072 Nd 8256.810
133 050 083 S 8310.088
133 051 082 Sb 8364.729
133 052 081 Te 8389.025
133 053 080 I 8405.106
133 054 079 Xe 8412.647
133 055 078 Cs 8409.978
133 056 077 Ba 8400.206
133 057 076 La 8378.841
133 058 075 Ce 8349.829
133 059 074 Pr 8310.258
133 060 073 Nd 8262.231
133 061 072 Pm 8204.283
134 050 084 S 8275.171
134 051 083 Sb 8325.950
134 052 082 Te 8383.643
134 053 081 I 8389.071
134 054 080 Xe 8413.699
134 055 079 Cs 8398.646
134 056 078 Ba 8408.171
134 057 077 La 8374.488
134 058 076 Ce 8365.771
134 059 075 Pr 8312.881
134 060 074 Nd 8285.538
134 061 073 Pm 8213.225
135 050 085 S 8230.687
135 051 084 Sb 8291.989
135 052 083 Te 8345.738
135 053 082 I 8384.760
135 054 081 Xe 8398.476
135 055 080 Cs 8401.336
135 056 079 Ba 8397.533
135 057 078 La 8382.795
135 058 077 Ce 8361.984
135 059 076 Pr 8328.928
135 060 075 Nd 8288.153
135 061 074 Pm 8236.717
135 062 073 Sm 8177.626
136 051 085 Sb 8252.252
136 052 084 Te 8319.429
136 053 083 I 8351.323
136 054 082 Xe 8396.188
136 055 081 Cs 8389.770
136 056 080 Ba 8402.755
136 057 079 La 8376.050
136 058 078 Ce 8373.760
136 059 077 Pr 8330.008
136 060 076 Nd 8308.512
136 061 075 Pm 8243.720
136 062 074 Sm 8205.916
137 051 086 Sb 8218.476
137 052 085 Te 8280.235
137 053 084 I 8326.002
137 054 083 Xe 8364.286
137 055 082 Cs 8388.956
137 056 081 Ba 8391.827
137 057 080 La 8381.879
137 058 079 Ce 8367.248
137 059 078 Pr 8341.706
137 060 077 Nd 8309.593
137 061 076 Pm 8263.651
137 062 075 Sm 8213.806
137 063 074 Eu 8150.573
138 051 087 Sb 8175.091
138 052 086 Te 8252.578
138 053 085 I 8292.444
138 054 084 Xe 8344.690
138 055 083 Cs 8360.142
138 056 082 Ba 8393.420
138 057 081 La 8375.125
138 058 080 Ce 8377.077
138 059 079 Pr 8339.255
138 060 078 Nd 8325.502
138 061 077 Pm 8268.544
138 062 076 Sm 8237.928
138 063 075 Eu 8161.620
139 052 087 Te 8211.771
139 053 086 I 8265.609
139 054 085 Xe 8311.590
139 055 084 Cs 8342.338
139 056 083 Ba 8367.017
139 057 082 La 8378.025
139 058 081 Ce 8370.395
139 059 080 Pr 8349.449
139 060 079 Nd 8323.642
139 061 078 Pm 8285.543
139 062 077 Sm 8243.078
139 063 076 Eu 8187.218
140 052 088 Te 8184.847
140 053 087 I 8229.473
140 054 086 Xe 8290.887
140 055 085 Cs 8314.325
140 056 084 Ba 8353.160
140 057 083 La 8355.047
140 058 082 Ce 8376.317
140 059 081 Pr 8346.529
140 060 080 Nd 8337.875
140 061 079 Pm 8289.107
140 062 078 Sm 8263.820
140 063 077 Eu 8197.732
140 064 076 Gd 8154.975
140 065 075 Tb 8068.672
141 053 088 I 8202.255
141 054 087 Xe 8255.364
141 055 086 Cs 8294.356
141 056 085 Ba 8326.078
141 057 084 La 8343.217
141 058 083 Ce 8355.408
141 059 082 Pr 8353.992
141 060 081 Nd 8335.515
141 061 080 Pm 8303.940
141 062 079 Sm 8265.845
141 063 078 Eu 8217.684
141 064 077 Gd 8164.608
141 065 076 Tb 8097.475
142 053 089 I 8165.019
142 054 088 Xe 8233.169
142 055 087 Cs 8264.877
142 056 086 Ba 8310.971
142 057 085 La 8320.828
142 058 084 Ce 8347.071
142 059 083 Pr 8336.310
142 060 082 Nd 8346.030
142 061 081 Pm 8306.662
142 062 080 Sm 8285.972
142 063 079 Eu 8226.427
142 064 078 Gd 8190.256
142 065 077 Tb 8111.507
143 054 089 Xe 8196.885
143 055 088 Cs 8243.670
143 056 087 Ba 8281.987
143 057 086 La 8306.127
143 058 085 Ce 8324.678
143 059 084 Pr 8329.428
143 060 083 Nd 8330.488
143 061 082 Pm 8317.733
143 062 081 Sm 8288.182
143 063 080 Eu 8245.817
143 064 079 Gd 8198.318
143 065 078 Tb 8138.217
143 066 077 Dy 8075.052
144 054 090 Xe 8172.884
144 055 089 Cs 8211.889
144 056 088 Ba 8265.454
144 057 087 La 8281.428
144 058 086 Ce 8314.760
144 059 085 Pr 8311.540
144 060 084 Nd 8326.922
144 061 083 Pm 8305.296
144 062 082 Sm 8303.679
144 063 081 Eu 8254.173
144 064 080 Gd 8221.937
144 065 079 Tb 8151.287
144 066 078 Dy 8105.589
144 067 077 Ho 8017.097
145 054 091 Xe 8135.087
145 055 090 Cs 8188.733
145 056 089 Ba 8234.798
145 057 088 La 8266.087
145 058 087 Ce 8289.875
145 059 086 Pr 8302.127
145 060 085 Nd 8309.187
145 061 084 Pm 8302.657
145 062 083 Sm 8293.013
145 063 082 Eu 8269.274
145 064 081 Gd 8228.946
145 065 080 Tb 8178.461
145 066 079 Dy 8116.888
145 067 078 Ho 8048.578
146 054 092 Xe 8110.415
146 055 091 Cs 8155.436
146 056 090 Ba 8216.082
146 057 089 La 8238.828
146 058 088 Ce 8278.573
146 059 087 Pr 8280.376
146 060 086 Nd 8304.092
146 061 085 Pm 8288.654
146 062 084 Sm 8293.857
146 063 083 Eu 8261.932
146 064 082 Gd 8249.506
146 065 081 Tb 8187.146
146 066 080 Dy 8146.112
146 067 079 Ho 8063.242
146 068 078 Er 8010.512
147 055 092 Cs 8131.800
147 056 091 Ba 8183.240
147 057 090 La 8221.553
147 058 089 Ce 8252.527
147 059 088 Pr 8270.539
147 060 087 Nd 8283.603
147 061 086 Pm 8284.372
147 062 085 Sm 8280.575
147 063 084 Eu 8263.541
147 064 083 Gd 8243.336
147 065 082 Tb 8206.624
147 066 081 Dy 8156.767
147 067 080 Ho 8094.037
147 068 079 Er 8026.475
147 069 078 Tm 7948.817
148 055 093 Cs 8097.546
148 056 092 Ba 8164.441
148 057 091 La 8193.716
148 058 090 Ce 8240.387
148 059 089 Pr 8249.540
148 060 088 Nd 8277.177
148 061 087 Pm 8268.226
148 062 086 Sm 8279.633
148 063 085 Eu 8253.827
148 064 084 Gd 8248.338
148 065 083 Tb 8204.321
148 066 082 Dy 8180.943
148 067 081 Ho 8108.979
148 068 080 Er 8059.692
148 069 079 Tm 7968.500
149 056 093 Ba 8133.793
149 057 092 La 8176.191
149 058 091 Ce 8214.229
149 059 090 Pr 8238.303
149 060 089 Nd 8255.442
149 061 088 Pm 8261.526
149 062 087 Sm 8263.466
149 063 086 Eu 8253.554
149 064 085 Gd 8239.484
149 065 084 Tb 8209.815
149 066 083 Dy 8179.109
149 067 082 Ho 8133.259
149 068 081 Er 8074.955
150 057 093 La 8148.225
150 058 092 Ce 8201.122
150 059 091 Pr 8218.931
150 060 090 Nd 8249.577
150 061 089 Pm 8243.810
150 062 088 Sm 8261.621
150 063 087 Eu 8241.346
150 064 086 Gd 8242.609
150 065 085 Tb 8206.338
150 066 084 Dy 8189.149
150 067 083 Ho 8134.842
150 068 082 Er 8102.195
151 057 094 La 8129.043
151 058 093 Ce 8176.277
151 059 092 Pr 8207.881
151 060 091 Nd 8230.272
151 061 090 Pm 8241.270
151 062 089 Sm 8243.971
151 063 088 Eu 8239.297
151 064 087 Gd 8231.043
151 065 086 Tb 8208.873
151 066 085 Dy 8184.678
151 067 084 Ho 8145.526
151 068 083 Er 8104.872
151 069 082 Tm 8050.064
151 070 081 Yb 7983.755
152 059 093 Pr 8187.104
152 060 092 Nd 8224.005
152 061 091 Pm 8226.127
152 062 090 Sm 8244.061
152 063 089 Eu 8226.583
152 064 088 Gd 8233.401
152 065 087 Tb 8202.004
152 066 086 Dy 8192.916
152 067 085 Ho 8144.919
152 068 084 Er 8119.349
152 069 083 Tm 8056.438
152 070 082 Yb 8015.436
153 059 094 Pr 8172.036
153 060 093 Nd 8204.582
153 061 092 Pm 8221.152
153 062 091 Sm 8228.534
153 063 090 Eu 8228.699
153 064 089 Gd 8220.418
153 065 088 Tb 8205.048
153 066 087 Dy 8185.749
153 067 086 Ho 8153.637
153 068 085 Er 8118.827
153 069 084 Tm 8071.261
153 071 082 Lu 7959.070
154 059 095 Pr 8148.892
154 060 094 Nd 8193.942
154 061 093 Pm 8206.310
154 062 092 Sm 8226.835
154 063 091 Eu 8217.098
154 064 090 Gd 8224.796
154 065 089 Tb 8196.666
154 066 088 Dy 8193.129
154 067 087 Ho 8150.681
154 068 086 Er 8132.392
154 069 085 Tm 8074.208
154 070 084 Yb 8039.939
155 059 096 Pr 8131.039
155 060 095 Nd 8170.304
155 061 094 Pm 8195.296
155 062 093 Sm 8211.223
155 063 092 Eu 8216.674
155 064 091 Gd 8213.251
155 065 090 Tb 8202.914
155 066 089 Dy 8184.354
155 067 088 Ho 8159.203
155 068 087 Er 8129.444
155 069 086 Tm 8088.375
155 070 085 Yb 8043.823
155 071 084 Lu 7987.436
156 060 096 Nd 8158.066
156 061 095 Pm 8176.705
156 062 094 Sm 8205.003
156 063 093 Eu 8204.617
156 064 092 Gd 8215.322
156 065 091 Tb 8194.639
156 066 090 Dy 8192.433
156 067 089 Ho 8155.046
156 068 088 Er 8141.908
156 069 087 Tm 8089.603
156 070 086 Yb 8061.711
156 071 085 Lu 7995.374
156 072 084 Hf 7952.650
157 060 097 Nd 8131.959
157 061 096 Pm 8164.145
157 062 095 Sm 8187.063
157 063 094 Eu 8199.795
157 064 093 Gd 8203.504
157 065 092 Tb 8198.138
157 066 091 Dy 8184.627
157 067 090 Ho 8163.136
157 068 089 Er 8136.375
157 069 088 Tm 8101.428
157 070 087 Yb 8062.767
157 071 086 Lu 8013.317
157 073 084 Ta 7896.043
158 061 097 Pm 8143.254
158 062 096 Sm 8177.297
158 063 095 Eu 8185.035
158 064 094 Gd 8201.819
158 065 093 Tb 8189.153
158 066 092 Dy 8190.130
158 067 091 Ho 8158.471
158 068 090 Er 8147.926
158 069 089 Tm 8101.199
158 070 088 Yb 8079.203
158 071 087 Lu 8018.568
158 072 086 Hf 7981.276
159 061 098 Pm 8126.859
159 062 097 Sm 8157.495
159 063 096 Eu 8176.697
159 064 095 Gd 8187.614
159 065 094 Tb 8188.800
159 066 093 Dy 8181.583
159 067 092 Ho 8165.105
159 068 091 Er 8142.773
159 069 090 Tm 8112.754
159 070 089 Yb 8078.074
159 071 088 Lu 8034.600
159 072 087 Hf 7986.560
159 073 086 Ta 7928.725
160 062 098 Sm 8144.625
160 063 097 Eu 8160.021
160 064 096 Gd 8183.014
160 065 095 Tb 8177.465
160 066 094 Dy 8184.054
160 067 093 Ho 8158.602
160 068 092 Er 8151.721
160 069 091 Tm 8110.818
160 070 090 Yb 8092.557
160 071 089 Lu 8038.338
160 072 088 Hf 8006.380
160 073 087 Ta 7938.270
160 074 086 W 7892.772
161 062 099 Sm 8122.041
161 063 098 Eu 8148.980
161 064 097 Gd 8167.191
161 065 096 Tb 8174.479
161 066 095 Dy 8173.310
161 067 094 Ho 8163.119
161 068 093 Er 8145.864
161 069 092 Tm 8120.490
161 070 091 Yb 8090.417
161 071 090 Lu 8052.781
161 072 089 Hf 8009.117
161 073 088 Ta 7957.452
161 075 086 Re 7836.312
162 063 099 Eu 8129.438
162 064 098 Gd 8159.035
162 065 097 Tb 8162.820
162 066 096 Dy 8173.457
162 067 095 Ho 8155.418
162 068 094 Er 8152.397
162 069 093 Tm 8117.588
162 070 092 Yb 8102.565
162 071 091 Lu 8054.559
162 072 090 Hf 8027.120
162 073 089 Ta 7964.335
162 074 088 W 7923.821
163 063 100 Eu 8115.471
163 064 099 Gd 8140.297
163 065 098 Tb 8155.633
163 066 097 Dy 8161.785
163 067 096 Ho 8156.968
163 068 095 Er 8144.741
163 069 094 Tm 8124.979
163 070 093 Yb 8099.138
163 071 092 Lu 8066.684
163 072 091 Hf 8027.972
163 073 090 Ta 7981.890
163 074 089 W 7930.302
163 075 088 Re 7870.865
164 065 099 Tb 8139.765
164 066 098 Dy 8158.714
164 067 097 Ho 8147.929
164 068 096 Er 8149.020
164 069 095 Tm 8119.623
164 070 094 Yb 8109.446
164 071 093 Lu 8065.804
164 072 092 Hf 8043.814
164 073 091 Ta 7986.997
164 074 090 W 7951.452
164 075 089 Re 7881.052
164 076 088 Os 7833.291
165 066 099 Dy 8143.909
165 067 098 Ho 8146.964
165 068 097 Er 8139.936
165 069 096 Tm 8125.546
165 070 095 Yb 8104.839
165 071 094 Lu 8076.745
165 072 093 Hf 8042.872
165 073 092 Ta 8003.054
165 074 091 W 7955.968
165 075 090 Re 7901.522
166 065 101 Tb 8113.680
166 066 100 Dy 8137.280
166 067 099 Ho 8135.499
166 068 098 Er 8141.959
166 069 097 Tm 8118.946
166 070 096 Yb 8112.471
166 071 095 Lu 8074.175
166 072 094 Hf 8056.438
166 073 093 Ta 8004.971
166 074 092 W 7974.898
166 075 091 Re 7909.977
166 076 090 Os 7866.336
167 066 101 Dy 8120.992
167 067 100 Ho 8130.379
167 068 099 Er 8131.746
167 069 098 Tm 8122.585
167 070 097 Yb 8106.205
167 071 096 Lu 8083.021
167 072 095 Hf 8054.184
167 073 094 Ta 8018.861
167 074 093 W 7976.733
167 076 091 Os 7873.974
167 077 090 Ir 7812.825
168 066 102 Dy 8112.536
168 067 101 Ho 8116.817
168 068 100 Er 8129.601
168 069 099 Tm 8114.954
168 070 098 Yb 8111.898
168 071 097 Lu 8080.372
168 072 096 Hf 8065.553
168 073 095 Ta 8019.428
168 074 094 W 7993.933
168 075 093 Re 7935.120
168 076 092 Os 7895.941
168 077 091 Ir 7823.850
168 078 090 Pt 7773.605
169 066 103 Dy 8094.763
169 067 102 Ho 8109.068
169 068 101 Er 8117.019
169 069 100 Tm 8114.473
169 070 099 Yb 8104.532
169 071 098 Lu 8086.335
169 072 097 Hf 8061.778
169 073 096 Ta 8030.957
169 074 095 W 7994.537
169 075 094 Re 7951.395
169 076 093 Os 7901.284
169 077 092 Ir 7845.596
170 067 103 Ho 8093.796
170 068 102 Er 8111.959
170 069 101 Tm 8105.517
170 070 100 Yb 8106.609
170 071 099 Lu 8081.668
170 072 098 Hf 8070.875
170 073 097 Ta 8030.296
170 074 096 W 8008.948
170 075 095 Re 7955.065
170 076 094 Os 7921.128
170 078 092 Pt 7808.236
171 067 104 Ho 8083.608
171 068 103 Er 8097.746
171 069 102 Tm 8101.893
171 070 101 Yb 8097.882
171 071 100 Lu 8084.661
171 072 099 Hf 8066.068
171 073 098 Ta 8039.791
171 074 097 W 8008.115
171 075 096 Re 7969.412
171 076 095 Os 7924.204
171 077 094 Ir 7873.489
171 078 093 Pt 7816.619
171 079 092 Au 7754.106
172 068 104 Er 8090.410
172 069 103 Tm 8091.041
172 070 102 Yb 8097.429
172 071 101 Lu 8078.232
172 072 100 Hf 8071.743
172 073 099 Ta 8037.705
172 074 098 W 8020.175
172 075 097 Re 7971.672
172 076 096 Os 7942.163
172 077 095 Ir 7880.263
172 078 094 Pt 7839.247
172 079 093 Au 7766.158
172 080 092 Hg 7713.591
173 069 104 Tm 8084.463
173 070 103 Yb 8087.427
173 071 102 Lu 8079.030
173 072 101 Hf 8066.016
173 073 100 Ta 8044.064
173 074 099 W 8018.333
173 075 098 Re 7983.906
173 076 097 Os 7944.033
173 077 096 Ir 7898.067
173 078 095 Pt 7845.420
173 079 094 Au 7788.237
174 069 105 Tm 8070.642
174 070 104 Yb 8083.847
174 071 103 Lu 8071.453
174 072 102 Hf 8068.533
174 073 101 Ta 8040.452
174 074 100 W 8027.256
174 075 099 Re 7985.094
174 076 098 Os 7959.461
174 077 097 Ir 7902.483
174 078 096 Pt 7866.117
174 080 094 Hg 7749.784
175 069 106 Tm 8061.766
175 070 105 Yb 8070.925
175 071 104 Lu 8069.140
175 072 103 Hf 8060.761
175 073 102 Ta 8044.445
175 074 101 W 8024.112
175 075 100 Re 7994.816
175 076 099 Os 7960.729
175 077 098 Ir 7917.910
175 078 097 Pt 7869.548
175 079 096 Au 7817.595
175 080 095 Hg 7759.231
176 069 107 Tm 8045.121
176 070 106 Yb 8064.085
176 071 105 Lu 8059.020
176 072 104 Hf 8061.359
176 073 103 Ta 8038.670
176 074 102 W 8030.112
176 075 101 Re 7993.970
176 076 100 Os 7972.679
176 077 099 Ir 7921.531
176 078 098 Pt 7888.992
176 079 097 Au 7825.383
176 080 096 Hg 7782.665
176 081 095 Tl 7707.955
177 070 107 Yb 8049.973
177 071 106 Lu 8053.448
177 072 105 Hf 8051.835
177 073 104 Ta 8040.827
177 074 103 W 8025.035
177 075 102 Re 8001.222
177 076 101 Os 7972.436
177 077 100 Ir 7934.632
177 078 099 Pt 7892.489
177 079 098 Au 7843.858
177 080 097 Hg 7789.932
177 081 096 Tl 7732.167
178 070 108 Yb 8042.841
178 071 107 Lu 8042.054
178 072 106 Hf 8049.442
178 074 104 W 8029.257
178 075 103 Re 7998.157
178 076 102 Os 7981.912
178 077 101 Ir 7936.549
178 078 100 Pt 7908.252
178 079 099 Au 7849.398
178 080 098 Hg 7811.363
178 082 096 Pb 7690.830
179 071 108 Lu 8035.073
179 072 107 Hf 8038.546
179 073 106 Ta 8033.585
179 074 105 W 8023.281
179 075 104 Re 8003.766
179 076 103 Os 7979.480
179 077 102 Ir 7947.524
179 078 101 Pt 7910.675
179 079 100 Au 7865.637
179 080 099 Hg 7816.236
179 081 098 Tl 7763.487
179 082 097 Pb 7701.468
180 071 109 Lu 8022.038
180 072 108 Hf 8034.930
180 073 107 Ta 8025.881
180 074 106 W 8025.442
180 075 105 Re 7999.991
180 076 104 Os 7987.425
180 077 103 Ir 7947.633
180 078 102 Pt 7923.611
180 079 101 Au 7870.318
180 080 100 Hg 7836.110
180 081 099 Tl 7771.409
180 082 098 Pb 7725.700
181 071 110 Lu 8011.929
181 072 109 Hf 8022.002
181 073 108 Ta 8023.400
181 074 107 W 8017.948
181 075 106 Re 8004.143
181 076 105 Os 7983.426
181 077 104 Ir 7956.523
181 078 103 Pt 7924.126
181 079 102 Au 7883.835
181 080 101 Hg 7839.679
181 081 100 Tl 7791.918
181 082 099 Pb 7734.107
182 072 110 Hf 8014.837
182 073 109 Ta 8012.628
182 074 108 W 8018.308
182 075 107 Re 7998.625
182 076 106 Os 7989.728
182 077 105 Ir 7954.894
182 078 104 Pt 7934.754
182 079 103 Au 7887.226
182 080 102 Hg 7856.972
182 081 101 Tl 7796.360
182 082 100 Pb 7756.332
183 071 112 Lu 7984.812
183 072 111 Hf 8000.027
183 073 110 Ta 8006.735
183 074 109 W 8008.322
183 075 108 Re 8001.009
183 076 107 Os 7985.010
183 077 106 Ir 7961.823
183 078 105 Pt 7933.336
183 079 104 Au 7898.564
183 080 103 Hg 7859.388
183 081 102 Tl 7815.673
183 082 101 Pb 7762.152
184 072 112 Hf 7990.722
184 073 111 Ta 7993.752
184 074 110 W 8005.077
184 075 109 Re 7992.750
184 076 108 Os 7988.677
184 077 107 Ir 7959.198
184 078 106 Pt 7942.574
184 079 105 Au 7900.194
184 080 104 Hg 7874.367
184 081 103 Tl 7818.671
184 082 102 Pb 7782.725
184 083 101 Bi 7712.633
185 072 113 Hf 7973.970
185 073 112 Ta 7986.360
185 074 111 W 7992.907
185 075 110 Re 7991.009
185 076 109 Os 7981.304
185 077 108 Ir 7963.722
185 078 107 Pt 7939.777
185 079 106 Au 7909.440
185 080 105 Hg 7874.538
185 081 104 Tl 7835.575
185 082 103 Pb 7786.932
186 072 114 Hf 7964.302
186 073 113 Ta 7971.835
186 074 112 W 7988.601
186 075 111 Re 7981.269
186 076 110 Os 7982.831
186 077 109 Ir 7958.047
186 078 108 Pt 7946.809
186 079 107 Au 7909.540
186 080 106 Hg 7888.260
186 081 105 Tl 7837.535
186 082 104 Pb 7805.347
186 083 103 Bi 7739.121
186 084 102 Po 7695.951
187 073 114 Ta 7963.212
187 074 113 W 7975.116
187 075 112 Re 7977.951
187 076 111 Os 7973.780
187 077 110 Ir 7960.668
187 078 109 Pt 7941.168
187 079 108 Au 7917.427
187 080 107 Hg 7886.987
187 081 106 Tl 7852.464
187 082 105 Pb 7808.400
187 083 104 Bi 7758.208
187 084 103 Po 7704.763
188 073 115 Ta 7946.321
188 074 114 W 7969.052
188 075 113 Re 7966.747
188 076 112 Os 7973.864
188 077 111 Ir 7954.850
188 078 110 Pt 7947.902
188 079 109 Au 7914.753
188 080 108 Hg 7899.052
188 081 107 Tl 7853.053
188 082 106 Pb 7824.843
188 083 105 Bi 7764.189
188 084 104 Po 7724.653
189 074 115 W 7953.454
189 075 114 Re 7961.809
189 076 113 Os 7963.002
189 077 112 Ir 7956.020
189 078 111 Pt 7941.403
189 079 110 Au 7921.987
189 080 109 Hg 7896.919
189 081 108 Tl 7866.270
189 082 107 Pb 7826.299
189 083 106 Bi 7780.999
189 084 105 Po 7731.131
190 074 116 W 7947.573
190 075 115 Re 7950.053
190 076 114 Os 7962.104
190 077 113 Ir 7947.701
190 078 112 Pt 7946.493
190 079 111 Au 7918.834
190 080 110 Hg 7907.017
190 081 109 Tl 7866.064
190 082 108 Pb 7841.129
190 083 107 Bi 7785.342
190 084 106 Po 7749.458
191 074 117 W 7931.435
191 075 116 Re 7943.957
191 076 115 Os 7950.568
191 077 114 Ir 7948.113
191 078 113 Pt 7938.727
191 079 112 Au 7924.681
191 080 111 Hg 7903.800
191 081 110 Tl 7877.144
191 082 109 Pb 7841.363
191 083 108 Bi 7800.661
191 084 107 Po 7753.786
191 085 106 At 7702.923
192 075 117 Re 7930.238
192 076 116 Os 7948.525
192 077 115 Ir 7938.999
192 078 114 Pt 7942.491
192 079 113 Au 7920.102
192 080 112 Hg 7912.066
192 081 111 Tl 7876.016
192 082 110 Pb 7854.669
192 083 109 Bi 7803.608
192 084 108 Po 7771.075
192 085 107 At 7709.727
193 075 118 Re 7923.937
193 076 117 Os 7936.270
193 077 116 Ir 7938.133
193 078 115 Pt 7933.786
193 079 114 Au 7924.164
193 080 113 Hg 7907.972
193 081 112 Tl 7885.344
193 082 111 Pb 7853.919
193 083 110 Bi 7817.171
193 084 109 Po 7773.950
193 085 108 At 7727.109
193 086 107 R 7675.852
194 076 118 Os 7932.022
194 077 117 Ir 7928.487
194 078 116 Pt 7935.941
194 079 115 Au 7918.774
194 080 114 Hg 7914.597
194 081 113 Tl 7883.520
194 082 112 Pb 7865.418
194 083 111 Bi 7819.225
194 084 110 Po 7789.294
194 085 109 At 7732.249
194 086 108 R 7695.001
195 076 119 Os 7917.744
195 077 118 Ir 7924.915
195 078 117 Pt 7926.552
195 079 116 Au 7921.377
195 080 115 Hg 7909.397
195 081 114 Tl 7890.728
195 082 113 Pb 7863.908
195 083 112 Bi 7830.757
195 084 111 Po 7791.005
195 085 110 At 7748.091
195 086 109 R 7700.383
196 076 120 Os 7912.229
196 077 119 Ir 7914.148
196 078 118 Pt 7926.529
196 079 117 Au 7914.855
196 080 116 Hg 7914.369
196 081 115 Tl 7888.289
196 082 114 Pb 7873.337
196 083 113 Bi 7831.900
196 084 112 Po 7804.766
196 085 111 At 7752.007
196 086 110 R 7717.987
197 077 120 Ir 7908.999
197 078 119 Pt 7915.971
197 079 118 Au 7915.654
197 080 117 Hg 7908.640
197 081 116 Tl 7893.508
197 082 115 Pb 7871.282
197 083 114 Bi 7841.634
197 084 113 Po 7805.535
197 085 112 At 7766.017
197 086 111 R 7722.118
197 087 110 Fr 7673.763
198 078 120 Pt 7914.150
198 079 119 Au 7908.567
198 080 118 Hg 7911.552
198 081 117 Tl 7890.300
198 082 116 Pb 7878.969
198 083 115 Bi 7841.189
198 084 114 Po 7817.561
198 085 113 At 7769.373
198 086 112 R 7737.724
198 087 111 Fr 7679.205
199 077 122 Ir 7891.206
199 078 121 Pt 7902.300
199 079 120 Au 7906.937
199 080 119 Hg 7905.279
199 081 118 Tl 7893.877
199 082 117 Pb 7875.736
199 083 116 Bi 7849.522
199 084 115 Po 7817.505
199 085 114 At 7781.488
199 086 113 R 7740.753
199 087 112 Fr 7695.259
200 078 122 Pt 7899.198
200 079 121 Au 7898.491
200 080 120 Hg 7905.895
200 081 119 Tl 7889.703
200 082 118 Pb 7881.810
200 083 117 Bi 7848.497
200 084 116 Po 7827.440
200 085 115 At 7783.759
200 086 114 R 7754.932
200 087 113 Fr 7700.334
201 078 123 Pt 7885.833
201 079 122 Au 7895.175
201 080 121 Hg 7897.560
201 081 120 Tl 7891.271
201 082 119 Pb 7877.877
201 083 118 Bi 7854.808
201 084 117 Po 7826.561
201 085 116 At 7794.153
201 086 115 R 7756.842
201 087 114 Fr 7714.836
201 088 113 Ra 7669.410
202 078 124 Pt 7881.560
202 079 123 Au 7885.909
202 080 122 Hg 7896.850
202 081 121 Tl 7886.219
202 082 120 Pb 7882.150
202 083 119 Bi 7852.539
202 084 118 Po 7834.805
202 085 117 At 7794.541
202 086 116 R 7769.301
202 087 115 Fr 7719.038
202 088 114 Ra 7685.568
203 079 124 Au 7880.864
203 080 123 Hg 7887.482
203 081 122 Tl 7886.053
203 082 121 Pb 7877.397
203 083 120 Bi 7857.475
203 084 119 Po 7832.863
203 085 118 At 7803.648
203 086 117 R 7770.193
203 087 116 Fr 7731.708
203 088 115 Ra 7689.503
204 080 124 Hg 7885.545
204 081 123 Tl 7880.023
204 082 122 Pb 7879.932
204 083 121 Bi 7854.215
204 084 120 Po 7839.083
204 085 119 At 7803.552
204 086 118 R 7780.574
204 087 117 Fr 7734.692
204 088 116 Ra 7704.144
205 080 125 Hg 7874.732
205 081 124 Tl 7878.394
205 082 123 Pb 7874.331
205 083 122 Bi 7857.316
205 084 121 Po 7836.216
205 085 120 At 7810.207
205 086 119 R 7780.722
205 087 118 Fr 7745.686
205 088 117 Ra 7706.998
205 089 116 Ac 7662.851
206 080 126 Hg 7869.172
206 081 125 Tl 7871.721
206 082 124 Pb 7875.362
206 083 123 Bi 7853.324
206 084 122 Po 7840.597
206 085 121 At 7808.843
206 086 120 R 7789.041
206 087 119 Fr 7746.940
206 088 118 Ra 7719.802
206 089 117 Ac 7667.879
207 080 127 Hg 7848.610
207 081 126 Tl 7866.797
207 082 125 Pb 7869.866
207 083 124 Bi 7854.505
207 084 123 Po 7836.673
207 085 122 At 7813.964
207 086 121 R 7787.998
207 087 120 Fr 7756.246
207 088 119 Ra 7721.602
207 089 118 Ac 7681.099
208 080 128 Hg 7834.191
208 081 127 Tl 7847.183
208 082 126 Pb 7867.453
208 083 125 Bi 7849.853
208 084 124 Po 7839.358
208 085 123 At 7811.560
208 086 122 R 7794.268
208 087 121 Fr 7756.903
208 088 120 Ra 7732.017
208 089 119 Ac 7684.865
208 090 118 Th 7652.592
209 081 128 Tl 7833.397
209 082 127 Pb 7848.648
209 083 126 Bi 7847.987
209 084 125 Po 7835.188
209 085 124 At 7814.777
209 086 123 R 7792.175
209 087 122 Fr 7763.688
209 088 121 Ra 7733.017
209 089 120 Ac 7695.850
210 081 129 Tl 7813.588
210 082 128 Pb 7835.965
210 083 127 Bi 7832.542
210 084 126 Po 7834.346
210 085 125 At 7811.663
210 086 124 R 7796.665
210 087 123 Fr 7763.075
210 088 122 Ra 7741.368
210 089 121 Ac 7697.896
210 090 120 Th 7669.076
211 081 130 Tl 7799.791
211 082 129 Pb 7817.007
211 083 128 Bi 7819.774
211 084 127 Po 7818.784
211 085 126 At 7811.354
211 086 125 R 7793.941
211 087 124 Fr 7768.360
211 088 123 Ra 7741.087
211 089 122 Ac 7707.189
211 090 121 Th 7671.690
212 082 130 Pb 7804.319
212 083 129 Bi 7803.313
212 084 128 Po 7810.243
212 085 127 At 7798.340
212 086 126 R 7794.797
212 087 125 Fr 7766.845
212 088 124 Ra 7747.508
212 089 123 Ac 7708.552
212 090 122 Th 7682.062
212 091 121 Pa 7633.643
213 081 132 Tl 7765.430
213 082 131 Pb 7785.172
213 083 130 Bi 7791.021
213 084 129 Po 7794.024
213 085 128 At 7790.003
213 086 127 R 7782.182
213 087 126 Fr 7768.447
213 088 125 Ra 7746.472
213 089 124 Ac 7715.526
213 090 123 Th 7683.846
213 091 122 Pa 7644.762
214 082 132 Pb 7772.394
214 083 131 Bi 7773.495
214 084 130 Po 7785.116
214 085 129 At 7776.366
214 086 128 R 7777.102
214 087 127 Fr 7757.740
214 088 126 Ra 7749.171
214 089 125 Ac 7715.837
214 090 124 Th 7692.317
214 091 123 Pa 7647.583
215 082 133 Pb 7752.737
215 083 132 Bi 7761.717
215 084 131 Po 7768.176
215 085 130 At 7767.858
215 086 129 R 7763.814
215 087 128 Fr 7753.260
215 088 127 Ra 7739.316
215 089 126 Ac 7719.413
215 090 125 Th 7693.025
215 091 124 Pa 7657.096
215 092 123 U 7620.624
216 083 133 Bi 7743.499
216 084 132 Po 7758.819
216 085 131 At 7753.002
216 086 130 R 7758.657
216 087 129 Fr 7742.451
216 088 128 Ra 7737.347
216 089 127 Ac 7711.256
216 090 126 Th 7697.662
216 091 125 Pa 7659.314
216 092 124 U 7631.307
217 083 134 Bi 7731.848
217 084 133 Po 7741.360
217 085 132 At 7744.616
217 086 131 R 7744.403
217 087 130 Fr 7737.775
217 088 129 Ra 7726.911
217 089 128 Ac 7710.338
217 090 127 Th 7690.594
217 091 126 Pa 7664.580
218 083 135 Bi 7712.827
218 084 134 Po 7731.528
218 085 133 At 7729.126
218 086 132 R 7738.752
218 087 131 Fr 7726.715
218 088 130 Ra 7724.998
218 089 129 Ac 7702.177
218 090 128 Th 7691.602
218 091 127 Pa 7659.036
218 092 126 U 7640.719
219 084 135 Po 7713.333
219 085 134 At 7720.196
219 086 133 R 7723.777
219 087 132 Fr 7721.171
219 088 131 Ra 7714.053
219 089 130 Ac 7700.549
219 090 129 Th 7683.725
219 091 128 Pa 7661.574
219 092 127 U 7636.329
219 093 126 N 7604.583
220 084 136 Po 7703.224
220 085 135 At 7703.703
220 086 134 R 7717.254
220 087 133 Fr 7709.742
220 088 132 Ra 7711.696
220 089 131 Ac 7692.351
220 090 130 Th 7684.589
221 084 137 Po 7684.481
221 085 136 At 7694.475
221 086 135 R 7701.393
221 087 134 Fr 7703.256
221 088 133 Ra 7701.135
221 089 132 Ac 7690.539
221 090 131 Th 7676.061
221 091 130 Pa 7656.974
221 092 129 U 7634.684
222 084 138 Po 7674.005
222 085 137 At 7677.387
222 086 136 R 7694.497
222 087 135 Fr 7690.947
222 088 134 Ra 7696.692
222 089 133 Ac 7682.802
222 090 132 Th 7676.658
222 092 130 U 7637.764
223 085 138 At 7668.055
223 086 137 R 7678.171
223 087 136 Fr 7683.664
223 088 135 Ra 7685.309
223 089 134 Ac 7679.143
223 090 133 Th 7668.640
223 091 132 Pa 7651.971
223 092 131 U 7632.694
224 085 139 At 7650.735
224 086 138 R 7670.751
224 087 137 Fr 7670.367
224 088 136 Ra 7679.922
224 089 135 Ac 7670.143
224 090 134 Th 7667.724
224 091 133 Pa 7646.961
224 092 132 U 7635.165
225 086 139 R 7654.357
225 087 138 Fr 7662.940
225 088 137 Ra 7667.586
225 089 136 Ac 7665.690
225 090 135 Th 7659.222
225 091 134 Pa 7646.720
225 092 133 U 7629.736
225 093 132 N 7607.557
226 086 140 R 7646.410
226 087 139 Fr 7648.376
226 088 138 Ra 7661.962
226 089 137 Ac 7655.662
226 090 136 Th 7657.119
226 091 135 Pa 7641.110
226 092 134 U 7631.916
227 086 141 R 7630.050
227 087 140 Fr 7640.715
227 088 139 Ra 7648.303
227 089 138 Ac 7650.707
227 090 137 Th 7647.458
227 091 136 Pa 7639.490
227 092 135 U 7626.289
227 093 134 N 7607.351
228 086 142 R 7621.645
228 087 141 Fr 7626.368
228 088 140 Ra 7642.428
228 089 139 Ac 7639.196
228 090 138 Th 7645.080
228 091 137 Pa 7632.207
228 092 136 U 7627.466
228 093 135 N 7604.853
228 094 134 Pu 7590.493
229 086 143 R 7605.622
229 087 142 Fr 7618.337
229 088 141 Ra 7628.485
229 089 140 Ac 7633.244
229 090 139 Th 7634.650
229 091 138 Pa 7629.874
229 092 137 U 7620.721
229 093 136 N 7606.086
229 094 135 Pu 7586.880
229 095 134 Am 7562.702
230 087 143 Fr 7603.704
230 088 142 Ra 7621.914
230 089 141 Ac 7621.460
230 090 140 Th 7630.996
230 091 139 Pa 7621.895
230 092 138 U 7620.922
230 093 137 N 7601.776
230 094 136 Pu 7590.991
231 087 144 Fr 7594.500
231 088 143 Ra 7607.841
231 089 142 Ac 7615.076
231 090 141 Th 7620.118
231 091 140 Pa 7618.426
231 092 139 U 7613.387
231 093 138 N 7602.128
231 094 137 Pu 7587.120
232 087 145 Fr 7579.347
232 088 144 Ra 7600.009
232 089 143 Ac 7602.424
232 090 142 Th 7615.033
232 091 141 Pa 7609.506
232 092 140 U 7611.897
232 094 138 Pu 7588.974
233 087 146 Fr 7569.239
233 088 145 Ra 7585.564
233 089 144 Ac 7595.193
233 090 143 Th 7602.893
233 091 142 Pa 7604.866
233 092 141 U 7603.956
233 093 140 N 7596.181
233 094 139 Pu 7583.796
233 096 137 Cm 7545.998
234 088 146 Ra 7576.543
234 089 145 Ac 7582.129
234 090 144 Th 7596.855
234 091 143 Pa 7594.683
234 092 142 U 7600.715
234 093 141 N 7589.637
234 094 140 Pu 7584.605
234 096 138 Cm 7550.677
235 089 146 Ac 7573.504
235 090 145 Th 7584.385
235 091 144 Pa 7588.413
235 092 143 U 7590.914
235 093 142 N 7587.056
235 094 141 Pu 7578.879
235 095 140 Am 7565.154
236 089 147 Ac 7559.242
236 090 146 Th 7576.968
236 091 145 Pa 7577.557
236 092 144 U 7586.484
236 093 143 N 7579.214
236 094 142 Pu 7577.918
236 096 140 Cm 7550.299
237 090 147 Th 7563.443
237 091 146 Pa 7570.384
237 092 145 U 7576.102
237 093 144 N 7574.989
237 094 143 Pu 7570.759
237 096 141 Cm 7546.624
237 098 139 Cf 7503.347
238 091 147 Pa 7558.344
238 092 146 U 7570.125
238 093 145 N 7566.221
238 094 144 Pu 7568.360
238 095 143 Am 7555.584
238 096 142 Cm 7547.996
239 092 147 U 7558.561
239 093 146 N 7560.567
239 094 145 Pu 7560.318
239 095 144 Am 7553.688
239 096 143 Cm 7543.065
240 092 148 U 7551.770
240 093 147 N 7550.173
240 094 146 Pu 7556.042
240 095 145 Am 7547.013
240 096 144 Cm 7542.861
240 098 142 Cf 7510.230
241 093 148 N 7544.270
241 094 147 Pu 7546.439
241 095 146 Am 7543.278
241 096 145 Cm 7536.848
242 093 149 N 7533.403
242 094 148 Pu 7541.327
242 095 147 Am 7534.991
242 096 146 Cm 7534.503
242 098 144 Cf 7509.098
243 094 149 Pu 7531.008
243 095 148 Am 7530.173
243 096 147 Cm 7526.925
243 097 146 Bk 7517.501
244 094 150 Pu 7524.815
244 095 149 Am 7521.308
244 096 148 Cm 7523.952
244 097 147 Bk 7511.475
244 098 146 Cf 7505.136
245 094 151 Pu 7513.281
245 095 150 Am 7515.303
245 096 149 Cm 7515.767
245 097 148 Bk 7509.270
245 098 147 Cf 7499.663
246 094 152 Pu 7506.539
246 096 150 Cm 7511.471
246 097 149 Bk 7502.803
246 098 148 Cf 7499.121
246 100 146 Fm 7467.970
247 096 151 Cm 7501.931
247 097 150 Bk 7498.940
247 098 149 Cf 7493.285
247 099 148 Es 7480.100
248 096 152 Cm 7496.728
248 098 150 Cf 7491.043
248 100 148 Fm 7465.944
249 096 153 Cm 7485.550
249 097 152 Bk 7486.040
249 098 151 Cf 7483.394
249 100 149 Fm 7461.864
250 096 154 Cm 7478.938
250 097 153 Bk 7475.967
250 098 152 Cf 7479.956
250 100 150 Fm 7462.090
251 096 155 Cm 7466.722
251 097 154 Bk 7469.263
251 098 153 Cf 7470.500
251 099 152 Es 7465.881
251 100 151 Fm 7457.020
251 101 150 Md 7441.900
252 098 154 Cf 7465.347
252 099 153 Es 7457.242
252 100 152 Fm 7456.038
252 102 150 No 7425.798
253 098 155 Cf 7454.829
253 099 154 Es 7452.887
253 100 153 Fm 7448.470
253 102 151 No 7422.471
254 098 156 Cf 7449.225
254 099 155 Es 7443.589
254 100 154 Fm 7444.792
254 102 152 No 7423.590
255 099 156 Es 7437.821
255 100 155 Fm 7435.888
255 101 154 Md 7428.729
255 102 153 No 7417.958
255 103 152 Lr 7402.576
256 100 156 Fm 7431.780
256 102 154 No 7416.546
256 103 153 Lr 7398.160
256 104 152 Rf 7385.434
257 100 157 Fm 7422.194
257 101 156 Md 7417.582
257 102 155 No 7409.657
257 104 153 Rf 7381.704
258 101 157 Md 7409.675
258 104 154 Rf 7382.538
259 102 157 No 7399.974
259 105 154 Db 7360.362
260 106 154 Sg 7342.562
261 104 157 Rf 7371.384
261 106 155 Sg 7339.770
262 106 156 Sg 7341.185
264 108 156 Hs 7298.375
265 108 157 Hs 7296.247
266 108 158 Hs 7298.273
269 110 159 Ds 7250.154
270 110 160 Ds 7253.775
